0 0 4 504 524 -1 -1
1 1 4 504 524 -1 -1
2 2 4 504 524 -1 -1
3 3 22 172 0 -1 142 -1 171 -1 76 -1 726 902 -1 811 -1 693 -1 -1 623 36 -1 -1 -1
4 4 22 172 0 -1 142 -1 171 -1 76 -1 726 902 -1 811 -1 693 -1 -1 623 36 -1 -1 -1
5 5 8 172 0 -1 142 -1 171 -1 -1
6 6 10 76 0 -1 142 -1 171 -1 172 -1 -1
7 7 14 172 0 -1 142 -1 171 -1 76 520 -1 726 -1 -1 -1
8 8 40 172 0 -1 142 -1 171 -1 176 520 -1 847 -1 24 -1 76 726 -1 -1 -1 313 310 -1 623 -1 177 -1 536 -1 76 -1 313 310 -1 623 -1 177 -1 -1 -1 -1
9 9 40 172 0 -1 142 -1 171 -1 176 520 -1 847 -1 24 -1 76 726 -1 -1 -1 313 310 -1 623 -1 177 -1 536 -1 76 -1 313 310 -1 623 -1 177 -1 -1 -1 -1
10 10 20 172 0 -1 142 -1 171 -1 536 -1 873 622 -1 -1 558 520 -1 847 -1 -1 -1
11 11 20 172 0 -1 142 -1 171 -1 536 -1 873 622 -1 -1 558 520 -1 847 -1 -1 -1
12 12 24 172 0 -1 142 -1 171 -1 661 726 811 -1 545 -1 526 520 -1 811 -1 186 -1 -1 -1 -1 -1
13 13 30 172 0 -1 142 -1 171 -1 263 743 896 -1 -1 390 -1 743 823 -1 811 -1 562 520 -1 -1 219 305 -1 -1 -1 -1 -1
14 14 16 172 0 -1 142 -1 171 -1 370 902 -1 558 385 -1 -1 -1 -1
15 15 20 172 0 -1 142 -1 171 -1 558 902 -1 172 385 -1 811 -1 545 -1 -1 -1 -1
16 16 26 172 0 -1 142 -1 171 -1 847 902 -1 811 -1 693 -1 558 36 -1 24 -1 76 726 -1 -1 -1 -1 -1
17 17 26 172 0 -1 142 -1 171 -1 847 902 -1 811 -1 693 -1 558 36 -1 24 -1 76 726 -1 -1 -1 -1 -1
18 18 26 172 0 -1 142 -1 171 -1 847 902 -1 811 -1 693 -1 623 36 -1 24 -1 76 726 -1 -1 -1 -1 -1
19 19 20 172 0 -1 142 -1 171 -1 176 -1 248 520 -1 142 -1 496 495 -1 -1 -1 -1
20 20 16 172 0 -1 142 -1 171 -1 176 -1 76 520 -1 726 -1 -1 -1
21 21 34 172 0 -1 142 -1 171 -1 176 -1 76 520 -1 726 -1 661 705 0 -1 741 -1 155 76 823 -1 243 -1 71 -1 -1 -1 -1 -1 -1 -1
22 22 16 172 0 -1 142 -1 171 -1 176 -1 536 -1 172 622 -1 -1 -1
23 23 56 172 0 -1 142 -1 171 -1 457 -1 743 902 -1 451 219 811 -1 413 -1 797 520 -1 -1 -1 -1 -1 545 819 -1 390 -1 811 -1 305 -1 472 319 -1 808 -1 500 -1 -1 536 -1 0 699 478 44 816 -1 -1 -1 -1 -1 -1 -1
24 24 4 172 0 -1 -1
25 25 4 172 0 -1 -1
26 26 4 172 0 -1 -1
27 27 4 172 0 -1 -1
28 28 4 172 0 -1 -1
29 29 4 172 0 -1 -1
30 30 4 172 0 -1 -1
31 31 4 172 0 -1 -1
32 32 4 172 0 -1 -1
33 33 4 172 0 -1 -1
34 34 4 172 0 -1 -1
35 35 4 172 0 -1 -1
36 36 4 172 0 -1 -1
37 37 4 172 0 -1 -1
38 38 4 172 0 -1 -1
39 39 4 172 0 -1 -1
40 40 4 172 0 -1 -1
41 41 4 172 0 -1 -1
42 42 4 172 0 -1 -1
43 43 4 172 0 -1 -1
44 44 4 172 0 -1 -1
45 45 4 172 0 -1 -1
46 46 4 172 0 -1 -1
47 47 4 172 0 -1 -1
48 48 4 172 0 -1 -1
49 49 4 172 0 -1 -1
50 50 4 172 0 -1 -1
51 51 4 172 0 -1 -1
52 52 4 172 0 -1 -1
53 53 4 172 0 -1 -1
54 54 4 172 0 -1 -1
55 55 4 172 0 -1 -1
56 56 4 172 0 -1 -1
57 57 4 172 0 -1 -1
58 58 4 172 0 -1 -1
59 59 4 172 0 -1 -1
60 60 4 172 0 -1 -1
61 61 4 172 0 -1 -1
62 62 4 172 0 -1 -1
63 63 4 172 0 -1 -1
64 64 4 172 0 -1 -1
65 65 4 172 0 -1 -1
66 66 4 172 0 -1 -1
67 67 4 172 0 -1 -1
68 68 4 172 0 -1 -1
69 69 4 172 0 -1 -1
70 70 4 172 0 -1 -1
71 71 4 172 0 -1 -1
72 72 4 172 0 -1 -1
73 73 4 172 0 -1 -1
74 74 4 172 0 -1 -1
75 75 4 172 0 -1 -1
76 76 4 172 0 -1 -1
77 77 4 172 0 -1 -1
78 78 4 172 0 -1 -1
79 79 4 172 0 -1 -1
80 80 4 172 0 -1 -1
81 81 4 172 0 -1 -1
82 82 12 35 0 -1 172 -1 321 310 -1 811 -1 -1 -1
83 83 16 405 0 -1 172 -1 446 -1 290 -1 623 823 -1 874 -1 -1 -1
84 84 16 405 0 -1 172 -1 446 -1 290 -1 623 823 -1 874 -1 -1 -1
85 85 30 172 0 -1 176 520 -1 0 -1 741 -1 766 420 811 -1 900 520 -1 811 -1 142 -1 171 -1 151 -1 -1 -1 -1 -1 -1
86 86 24 172 0 -1 518 520 -1 142 418 39 -1 -1 -1 172 -1 -1 847 902 -1 811 -1 693 -1 -1 -1
87 87 16 172 0 -1 172 520 -1 -1 213 511 -1 823 -1 822 -1 -1 -1
88 88 22 172 0 -1 518 520 -1 172 -1 -1 243 558 902 -1 693 -1 24 -1 847 -1 -1 -1 -1
89 89 18 172 0 -1 518 520 -1 172 -1 536 -1 172 0 -1 741 -1 -1 -1 -1
90 90 22 172 0 -1 518 520 -1 172 -1 -1 726 902 -1 811 -1 693 -1 24 -1 847 -1 -1 -1
91 91 14 172 0 -1 172 520 -1 536 -1 808 -1 632 -1 -1 -1
92 92 14 172 0 -1 172 520 -1 -1 214 823 -1 55 -1 -1 -1
93 93 16 172 0 -1 175 520 -1 200 738 419 -1 337 -1 -1 -1 -1 -1
94 94 8 172 0 -1 176 520 -1 -1 -1
95 95 8 172 0 -1 176 520 -1 -1 -1
96 96 58 172 0 -1 520 176 144 488 528 -1 558 360 -1 -1 677 810 -1 899 -1 55 -1 518 36 -1 623 -1 24 -1 536 -1 488 172 -1 -1 -1 558 360 -1 677 810 -1 899 -1 55 -1 518 36 -1 172 -1 -1 -1 -1 -1 -1 -1 -1 -1 -1
97 97 16 172 0 -1 176 520 -1 -1 338 810 -1 682 420 -1 -1 -1 -1
98 98 16 172 0 -1 176 520 -1 -1 338 810 -1 682 420 -1 -1 -1 -1
99 99 16 172 0 -1 176 520 -1 -1 338 810 -1 682 420 -1 -1 -1 -1
100 100 16 172 0 -1 176 520 -1 -1 338 810 -1 682 420 -1 -1 -1 -1
101 101 14 172 0 -1 588 520 -1 176 -1 852 -1 111 -1 -1 -1
102 102 12 172 0 -1 76 520 -1 378 -1 172 -1 -1 -1
103 103 42 172 0 -1 623 520 -1 536 -1 172 -1 518 -1 -1 276 894 -1 484 -1 55 -1 536 -1 130 -1 692 58 -1 529 811 -1 190 146 360 -1 811 -1 -1 -1 -1 -1 -1 -1
104 104 10 172 0 -1 76 520 -1 726 -1 -1 -1
105 105 36 172 0 -1 76 520 -1 726 -1 536 -1 172 0 -1 173 520 -1 338 132 896 -1 142 20 -1 219 -1 -1 -1 76 726 -1 -1 -1 -1 -1 -1 -1
106 106 36 172 0 -1 76 520 -1 726 -1 536 -1 172 0 -1 173 520 -1 338 132 896 -1 142 20 -1 219 -1 -1 -1 76 726 -1 -1 -1 -1 -1 -1 -1
107 107 10 172 0 -1 176 520 -1 847 -1 -1 -1
108 108 10 172 0 -1 176 520 -1 847 -1 -1 -1
109 109 10 172 0 -1 176 520 -1 847 -1 -1 -1
110 110 10 172 0 -1 176 520 -1 847 -1 -1 -1
111 111 10 172 0 -1 176 520 -1 847 -1 -1 -1
112 112 10 172 0 -1 176 520 -1 847 -1 -1 -1
113 113 10 172 0 -1 176 520 -1 847 -1 -1 -1
114 114 10 172 0 -1 176 520 -1 847 -1 -1 -1
115 115 10 172 0 -1 176 520 -1 847 -1 -1 -1
116 116 10 172 0 -1 176 520 -1 847 -1 -1 -1
117 117 10 172 0 -1 176 520 -1 847 -1 -1 -1
118 118 10 172 0 -1 176 520 -1 847 -1 -1 -1
119 119 10 172 0 -1 176 520 -1 847 -1 -1 -1
120 120 14 172 0 -1 142 520 -1 847 -1 176 -1 188 -1 -1 -1
121 121 34 172 0 -1 536 -1 172 76 -1 -1 172 520 -1 857 243 894 520 -1 -1 -1 899 -1 55 -1 219 20 -1 812 -1 305 -1 -1 -1 -1 -1
122 122 22 172 0 -1 536 -1 873 622 -1 -1 558 520 -1 847 -1 75 558 902 -1 -1 -1 -1 -1
123 123 22 172 0 -1 536 -1 873 622 -1 -1 558 520 -1 847 -1 75 558 902 -1 -1 -1 -1 -1
124 124 24 172 0 -1 536 -1 873 622 -1 536 -1 172 485 -1 171 -1 -1 -1 558 520 -1 847 -1 -1 -1
125 125 18 172 0 -1 536 -1 623 -1 144 874 811 -1 772 823 -1 -1 -1 -1 -1
126 126 14 172 0 -1 536 -1 623 -1 703 823 -1 55 -1 -1 -1
127 127 22 172 0 -1 536 -1 632 -1 144 177 811 -1 757 -1 498 310 -1 811 -1 -1 -1 -1 -1
128 128 10 172 0 -1 536 -1 808 -1 366 -1 -1
129 129 10 172 0 -1 536 -1 808 -1 366 -1 -1
130 130 8 172 0 -1 536 -1 875 -1 -1
131 131 8 172 0 -1 536 -1 875 -1 -1
132 132 8 172 0 -1 536 -1 875 -1 -1
133 133 8 172 0 -1 536 -1 875 -1 -1
134 134 8 172 0 -1 536 -1 875 -1 -1
135 135 8 172 0 -1 536 -1 875 -1 -1
136 136 40 172 0 -1 672 754 319 -1 0 -1 -1 -1 139 856 -1 558 -1 390 -1 282 894 360 -1 -1 623 88 -1 -1 390 -1 431 823 -1 55 -1 811 -1 -1 -1 -1 -1
137 137 36 172 0 -1 847 894 -1 390 -1 520 -1 811 -1 693 -1 623 36 -1 -1 24 -1 75 456 -1 55 -1 558 902 -1 24 -1 623 -1 -1 -1 -1 -1
138 138 8 172 0 -1 76 902 -1 -1 -1
139 139 10 172 0 -1 240 902 -1 176 -1 -1 -1
140 140 22 172 0 -1 177 902 -1 37 810 -1 899 -1 55 -1 545 360 -1 811 -1 -1 -1 -1 -1
141 141 10 172 0 -1 682 902 -1 639 -1 -1 -1
142 142 10 172 0 -1 76 902 -1 726 -1 -1 -1
143 143 16 172 0 -1 726 902 -1 811 -1 693 -1 -1 558 36 -1 -1 -1
144 144 4 176 0 -1 -1
145 145 4 176 0 -1 -1
146 146 4 176 0 -1 -1
147 147 4 176 0 -1 -1
148 148 4 176 0 -1 -1
149 149 4 176 0 -1 -1
150 150 8 139 0 -1 176 -1 188 -1 -1
151 151 24 200 0 -1 176 -1 147 811 -1 313 360 -1 811 -1 693 -1 -1 245 36 -1 516 -1 -1 -1 -1
152 152 8 623 0 -1 176 -1 246 -1 -1
153 153 8 623 0 -1 176 -1 246 -1 -1
154 154 10 351 0 -1 176 -1 410 811 -1 -1 -1
155 155 22 70 439 176 0 -1 -1 -1 229 520 -1 811 -1 853 -1 -1 236 823 -1 696 -1 -1 -1
156 156 20 486 0 -1 176 -1 502 310 -1 811 -1 307 -1 334 360 -1 811 -1 -1 -1 -1
157 157 20 486 0 -1 176 -1 502 310 -1 811 -1 308 -1 334 360 -1 811 -1 -1 -1 -1
158 158 16 523 0 -1 176 -1 76 520 -1 623 -1 536 -1 623 -1 -1 -1
159 159 16 523 0 -1 176 -1 76 520 -1 623 -1 536 -1 623 -1 -1 -1
160 160 16 523 0 -1 176 -1 76 520 -1 623 -1 536 -1 623 -1 -1 -1
161 161 16 523 0 -1 176 -1 76 520 -1 623 -1 536 -1 623 -1 -1 -1
162 162 16 523 0 -1 176 -1 76 520 -1 623 -1 536 -1 623 -1 -1 -1
163 163 16 523 0 -1 176 -1 76 520 -1 623 -1 536 -1 623 -1 -1 -1
164 164 14 176 0 -1 792 623 525 -1 -1 390 -1 167 -1 -1 -1
165 165 28 176 0 -1 661 821 811 -1 -1 182 310 -1 658 890 -1 823 -1 558 705 52 -1 522 -1 -1 -1 -1 -1 -1 -1
166 166 38 551 176 0 -1 661 821 811 -1 -1 182 310 -1 551 893 -1 72 -1 479 828 -1 668 902 -1 617 823 -1 811 -1 -1 -1 -1 -1 -1 -1 -1 874 -1 -1
167 167 32 176 0 -1 661 821 811 -1 -1 182 310 -1 551 893 -1 558 -1 479 828 -1 668 902 -1 389 823 -1 -1 -1 -1 -1 -1 -1 -1
168 168 32 176 0 -1 661 821 811 -1 -1 182 310 -1 551 893 -1 558 -1 479 828 -1 668 902 -1 389 823 -1 -1 -1 -1 -1 -1 -1 -1
169 169 62 172 0 -1 176 -1 700 -1 661 239 893 -1 53 811 -1 413 -1 -1 734 -1 55 -1 338 88 360 -1 811 -1 -1 391 -1 237 292 -1 248 809 -1 558 -1 -1 59 811 -1 188 -1 -1 390 -1 511 -1 823 -1 53 811 -1 751 -1 -1 -1 -1 -1 -1 -1
170 170 62 172 0 -1 176 -1 700 -1 661 239 893 -1 53 811 -1 413 -1 -1 734 -1 55 -1 338 88 360 -1 811 -1 -1 391 -1 237 292 -1 248 809 -1 623 -1 -1 59 811 -1 188 -1 -1 390 -1 511 -1 823 -1 53 811 -1 751 -1 -1 -1 -1 -1 -1 -1
171 171 18 700 0 -1 176 -1 268 523 823 -1 623 520 -1 76 -1 -1 -1 -1 -1
172 172 22 766 0 -1 176 -1 631 893 -1 583 811 -1 162 823 -1 55 -1 -1 -1 390 -1 -1 -1
173 173 16 804 0 -1 176 -1 874 823 -1 313 -1 172 -1 -1 385 -1 -1
174 174 14 486 0 -1 176 -1 811 -1 414 520 -1 811 -1 -1 -1
175 175 16 176 0 -1 600 823 -1 460 823 -1 811 -1 188 -1 -1 -1 -1
176 176 16 176 0 -1 600 823 -1 460 823 -1 811 -1 188 -1 -1 -1 -1
177 177 16 176 0 -1 600 823 -1 460 823 -1 811 -1 188 -1 -1 -1 -1
178 178 22 70 0 -1 176 -1 863 -1 229 520 -1 811 -1 853 -1 236 823 -1 696 -1 -1 -1 -1
179 179 18 682 0 -1 180 -1 142 -1 682 -1 536 -1 142 -1 558 360 -1 -1 -1
180 180 10 486 0 -1 528 310 -1 811 -1 -1 -1
181 181 10 486 0 -1 528 310 -1 811 -1 -1 -1
182 182 12 486 0 -1 76 310 -1 811 -1 528 -1 -1 -1
183 183 12 486 0 -1 76 310 -1 811 -1 528 -1 -1 -1
184 184 12 486 0 -1 76 310 -1 811 -1 528 -1 -1 -1
185 185 12 486 0 -1 76 310 -1 811 -1 528 -1 -1 -1
186 186 12 486 0 -1 76 310 -1 811 -1 528 -1 -1 -1
187 187 12 486 0 -1 76 310 -1 811 -1 528 -1 -1 -1
188 188 12 486 0 -1 76 310 -1 811 -1 528 -1 -1 -1
189 189 12 486 0 -1 76 310 -1 811 -1 528 -1 -1 -1
190 190 12 486 0 -1 76 310 -1 811 -1 528 -1 -1 -1
191 191 12 486 0 -1 76 310 -1 811 -1 528 -1 -1 -1
192 192 12 486 0 -1 76 310 -1 811 -1 528 -1 -1 -1
193 193 12 486 0 -1 76 310 -1 811 -1 528 -1 -1 -1
194 194 12 486 0 -1 76 310 -1 811 -1 528 -1 -1 -1
195 195 12 486 0 -1 76 310 -1 811 -1 528 -1 -1 -1
196 196 12 486 0 -1 76 310 -1 811 -1 528 -1 -1 -1
197 197 12 486 0 -1 76 310 -1 811 -1 528 -1 -1 -1
198 198 12 486 0 -1 76 310 -1 811 -1 528 -1 -1 -1
199 199 12 486 0 -1 76 310 -1 811 -1 528 -1 -1 -1
200 200 12 486 0 -1 76 310 -1 811 -1 528 -1 -1 -1
201 201 12 486 0 -1 76 310 -1 811 -1 528 -1 -1 -1
202 202 12 486 0 -1 76 310 -1 811 -1 528 -1 -1 -1
203 203 12 486 0 -1 76 310 -1 811 -1 528 -1 -1 -1
204 204 12 486 0 -1 76 310 -1 811 -1 528 -1 -1 -1
205 205 12 486 0 -1 76 310 -1 811 -1 528 -1 -1 -1
206 206 12 486 0 -1 76 310 -1 811 -1 528 -1 -1 -1
207 207 12 486 0 -1 76 310 -1 811 -1 528 -1 -1 -1
208 208 12 486 0 -1 76 310 -1 811 -1 528 -1 -1 -1
209 209 12 486 0 -1 76 310 -1 811 -1 528 -1 -1 -1
210 210 12 486 0 -1 76 310 -1 811 -1 528 -1 -1 -1
211 211 12 486 0 -1 76 310 -1 811 -1 528 -1 -1 -1
212 212 12 486 0 -1 76 310 -1 811 -1 528 -1 -1 -1
213 213 12 486 0 -1 76 310 -1 811 -1 528 -1 -1 -1
214 214 12 486 0 -1 76 310 -1 811 -1 528 -1 -1 -1
215 215 12 486 0 -1 76 310 -1 811 -1 528 -1 -1 -1
216 216 12 486 0 -1 76 310 -1 811 -1 528 -1 -1 -1
217 217 12 486 0 -1 76 310 -1 811 -1 528 -1 -1 -1
218 218 12 486 0 -1 76 310 -1 811 -1 528 -1 -1 -1
219 219 12 486 0 -1 76 310 -1 811 -1 528 -1 -1 -1
220 220 12 486 0 -1 76 310 -1 811 -1 528 -1 -1 -1
221 221 12 486 0 -1 76 310 -1 811 -1 528 -1 -1 -1
222 222 12 486 0 -1 76 310 -1 811 -1 528 -1 -1 -1
223 223 12 486 0 -1 76 310 -1 811 -1 528 -1 -1 -1
224 224 12 486 0 -1 76 310 -1 811 -1 528 -1 -1 -1
225 225 12 486 0 -1 76 310 -1 811 -1 528 -1 -1 -1
226 226 12 486 0 -1 76 310 -1 811 -1 528 -1 -1 -1
227 227 12 486 0 -1 76 310 -1 811 -1 528 -1 -1 -1
228 228 12 486 0 -1 76 310 -1 811 -1 528 -1 -1 -1
229 229 12 486 0 -1 76 310 -1 811 -1 528 -1 -1 -1
230 230 12 486 0 -1 76 310 -1 811 -1 528 -1 -1 -1
231 231 12 486 0 -1 76 310 -1 811 -1 528 -1 -1 -1
232 232 12 486 0 -1 76 310 -1 811 -1 528 -1 -1 -1
233 233 12 486 0 -1 76 310 -1 811 -1 528 -1 -1 -1
234 234 12 486 0 -1 76 310 -1 811 -1 528 -1 -1 -1
235 235 12 486 0 -1 76 310 -1 811 -1 528 -1 -1 -1
236 236 12 486 0 -1 76 310 -1 811 -1 528 -1 -1 -1
237 237 12 486 0 -1 76 310 -1 811 -1 528 -1 -1 -1
238 238 12 486 0 -1 76 310 -1 811 -1 528 -1 -1 -1
239 239 12 486 0 -1 76 310 -1 811 -1 528 -1 -1 -1
240 240 12 486 0 -1 76 310 -1 811 -1 528 -1 -1 -1
241 241 12 486 0 -1 76 310 -1 811 -1 528 -1 -1 -1
242 242 12 486 0 -1 76 310 -1 811 -1 528 -1 -1 -1
243 243 12 486 0 -1 76 310 -1 811 -1 528 -1 -1 -1
244 244 12 486 0 -1 76 310 -1 811 -1 528 -1 -1 -1
245 245 12 486 0 -1 76 310 -1 811 -1 528 -1 -1 -1
246 246 12 486 0 -1 76 310 -1 811 -1 528 -1 -1 -1
247 247 10 486 0 -1 528 310 -1 819 -1 -1 -1
248 248 12 76 486 0 -1 528 310 -1 819 -1 -1 -1 -1
249 249 12 76 486 0 -1 528 310 -1 819 -1 -1 -1 -1
250 250 12 76 486 0 -1 528 310 -1 819 -1 -1 -1 -1
251 251 12 76 486 0 -1 528 310 -1 819 -1 -1 -1 -1
252 252 12 76 486 0 -1 528 310 -1 819 -1 -1 -1 -1
253 253 12 76 486 0 -1 528 310 -1 819 -1 -1 -1 -1
254 254 12 76 486 0 -1 528 310 -1 819 -1 -1 -1 -1
255 255 12 76 486 0 -1 528 310 -1 819 -1 -1 -1 -1
256 256 12 76 486 0 -1 528 310 -1 819 -1 -1 -1 -1
257 257 12 76 486 0 -1 528 310 -1 819 -1 -1 -1 -1
258 258 12 76 486 0 -1 528 310 -1 819 -1 -1 -1 -1
259 259 12 76 486 0 -1 528 310 -1 819 -1 -1 -1 -1
260 260 10 486 0 -1 623 310 -1 819 -1 -1 -1
261 261 10 486 0 -1 623 310 -1 819 -1 -1 -1
262 262 16 600 0 -1 486 -1 76 310 -1 811 -1 677 -1 172 -1 -1 -1
263 263 16 600 0 -1 486 -1 76 310 -1 811 -1 677 -1 172 -1 -1 -1
264 264 16 600 0 -1 486 -1 76 310 -1 811 -1 677 -1 172 -1 -1 -1
265 265 14 486 0 -1 329 823 -1 76 819 -1 623 -1 -1 -1 -1
266 266 14 486 0 -1 329 823 -1 76 819 -1 623 -1 -1 -1 -1
267 267 20 120 0 -1 523 -1 220 -1 193 -1 325 894 -1 390 -1 623 902 -1 -1 -1 -1
268 268 16 176 0 -1 534 -1 155 120 823 -1 811 -1 410 -1 -1 -1 -1
269 269 24 172 0 -1 558 -1 76 -1 176 -1 712 520 -1 -1 513 823 -1 811 -1 634 -1 326 -1 -1 -1
270 270 24 172 0 -1 558 -1 76 -1 176 -1 712 520 -1 -1 513 823 -1 811 -1 634 -1 326 -1 -1 -1
271 271 24 589 0 -1 536 -1 176 0 -1 150 810 -1 899 -1 55 -1 589 823 -1 0 -1 -1 -1 -1 -1
272 272 6 176 0 -1 622 -1 -1
273 273 6 176 0 -1 622 -1 -1
274 274 6 176 0 -1 622 -1 -1
275 275 6 176 0 -1 622 -1 -1
276 276 20 622 0 -1 176 369 219 811 -1 772 894 20 -1 -1 823 -1 -1 -1 -1 -1 -1
277 277 10 172 0 -1 623 -1 909 -1 623 -1 -1
278 278 16 172 0 -1 639 -1 630 -1 682 -1 860 823 -1 55 -1 -1 -1
279 279 4 700 0 -1 -1
280 280 18 172 0 -1 700 -1 369 420 811 -1 900 -1 324 823 -1 -1 -1 -1 -1
281 281 34 172 0 -1 700 -1 176 -1 661 513 811 -1 455 -1 558 520 -1 -1 -1 715 823 -1 55 -1 794 83 -1 503 -1 454 -1 -1 -1 -1 -1
282 282 20 192 0 -1 700 -1 195 811 -1 219 520 -1 811 -1 523 -1 346 -1 -1 -1 -1
283 283 26 192 0 -1 700 -1 873 811 -1 299 823 -1 545 360 -1 -1 890 76 558 -1 350 -1 -1 -1 -1 -1 -1
284 284 24 206 0 -1 700 -1 676 893 -1 823 -1 670 811 -1 558 520 -1 536 -1 558 -1 -1 -1 -1 -1
285 285 10 286 0 -1 702 -1 592 871 -1 -1 -1
286 286 12 172 726 0 -1 -1 484 -1 55 -1 23 -1 -1
287 287 48 172 0 -1 741 -1 661 172 811 -1 126 -1 250 -1 172 520 -1 552 -1 -1 -1 -1 18 726 520 -1 693 -1 -1 219 273 -1 310 -1 811 -1 305 -1 661 172 729 -1 250 -1 -1 -1 -1 -1 -1
288 288 54 873 0 -1 741 -1 124 558 902 -1 536 -1 172 23 -1 874 520 -1 124 558 902 -1 799 894 -1 120 811 -1 -1 522 -1 563 241 -1 808 -1 271 -1 -1 468 353 -1 177 -1 390 -1 -1 -1 -1 -1 -1 -1 -1 -1 -1
289 289 12 847 0 -1 172 310 -1 811 -1 677 -1 -1 -1
290 290 14 176 0 -1 854 -1 351 290 811 -1 378 -1 -1 -1 -1
291 291 14 176 0 -1 854 -1 351 290 811 -1 378 -1 -1 -1 -1
292 292 6 172 0 -1 877 -1 -1
293 293 8 76 0 -1 904 -1 172 -1 -1
294 294 10 682 248 18 -1 -1 484 -1 55 -1 -1
295 295 14 22 8 823 -1 874 823 -1 811 -1 582 -1 -1 -1 -1
296 296 10 172 23 -1 142 -1 171 -1 176 -1 -1
297 297 12 172 23 -1 144 121 18 -1 290 -1 -1 -1 -1
298 298 12 172 23 -1 144 121 18 -1 290 -1 -1 -1 -1
299 299 24 172 23 -1 144 291 811 -1 -1 867 823 -1 380 36 -1 470 823 -1 912 -1 -1 -1 -1 -1 -1
300 300 4 176 23 -1 -1
301 301 4 176 23 -1 -1
302 302 4 176 23 -1 -1
303 303 4 176 23 -1 -1
304 304 4 176 23 -1 -1
305 305 4 176 23 -1 -1
306 306 4 176 23 -1 -1
307 307 6 172 23 -1 176 -1 -1
308 308 6 172 23 -1 176 -1 -1
309 309 6 172 23 -1 176 -1 -1
310 310 10 172 23 -1 176 -1 370 520 -1 -1 -1
311 311 14 172 23 -1 176 -1 874 520 -1 503 -1 492 -1 -1 -1
312 312 22 172 23 -1 176 -1 600 726 896 -1 -1 390 -1 0 -1 726 520 -1 558 -1 -1 -1 -1
313 313 6 449 23 -1 176 -1 -1
314 314 16 513 23 -1 176 -1 248 520 -1 829 -1 -1 136 823 -1 -1 -1
315 315 34 176 23 -1 536 -1 172 -1 176 520 -1 0 -1 741 -1 766 420 811 -1 900 520 -1 811 -1 142 -1 171 -1 151 -1 -1 -1 -1 -1 -1
316 316 36 176 23 -1 536 -1 172 -1 176 520 -1 142 -1 -1 766 22 811 -1 558 520 -1 -1 342 20 -1 811 -1 195 -1 24 -1 897 -1 -1 -1 -1 -1
317 317 42 176 23 -1 536 -1 172 -1 176 520 -1 142 -1 -1 766 22 811 -1 558 520 -1 -1 342 20 -1 811 -1 24 -1 897 -1 172 520 -1 811 -1 545 -1 -1 -1 -1 -1 -1
318 318 38 176 23 -1 536 -1 172 -1 176 520 -1 142 -1 766 342 811 -1 195 -1 24 -1 897 -1 900 520 -1 811 -1 142 -1 171 -1 151 -1 -1 -1 -1 -1 -1
319 319 20 176 23 -1 536 -1 172 -1 176 520 -1 -1 338 810 -1 142 420 -1 -1 -1 -1
320 320 20 176 23 -1 536 -1 172 -1 176 520 -1 -1 338 810 -1 142 420 -1 -1 -1 -1
321 321 20 176 23 -1 536 -1 172 -1 176 520 -1 -1 338 810 -1 142 420 -1 -1 -1 -1
322 322 20 176 23 -1 536 -1 172 -1 176 520 -1 -1 338 810 -1 142 420 -1 -1 -1 -1
323 323 28 176 23 -1 536 -1 172 -1 176 520 -1 -1 338 810 -1 623 420 -1 142 -1 536 -1 142 485 -1 -1 -1 -1 -1
324 324 28 176 23 -1 536 -1 172 -1 176 520 -1 -1 338 810 -1 142 420 -1 189 894 -1 142 823 -1 -1 -1 -1 -1 -1
325 325 28 176 23 -1 536 -1 172 -1 176 520 -1 -1 338 810 -1 142 420 -1 189 894 -1 142 823 -1 -1 -1 -1 -1 -1
326 326 26 176 23 -1 661 513 811 -1 646 520 -1 -1 -1 123 823 -1 53 360 -1 0 -1 741 -1 -1 -1 -1 -1
327 327 26 176 23 -1 661 513 811 -1 646 520 -1 -1 -1 123 823 -1 53 360 -1 0 -1 741 -1 -1 -1 -1 -1
328 328 8 172 23 -1 176 -1 700 -1 -1
329 329 20 682 219 23 -1 176 -1 766 -1 250 520 -1 811 -1 -1 -1 484 -1 55 -1 -1
330 330 16 46 23 -1 176 -1 811 -1 129 823 -1 612 811 -1 -1 -1 -1
331 331 18 46 23 -1 176 -1 811 -1 129 823 -1 208 811 -1 773 -1 -1 -1 -1
332 332 16 46 23 -1 176 -1 811 -1 129 823 -1 877 811 -1 -1 -1 -1
333 333 16 46 23 -1 176 -1 811 -1 304 823 -1 874 455 -1 -1 -1 -1
334 334 6 172 23 -1 378 -1 -1
335 335 46 485 23 -1 142 172 220 -1 76 520 -1 726 -1 76 -1 379 -1 -1 -1 -1 774 353 -1 558 -1 230 -1 511 -1 76 902 -1 623 -1 536 -1 489 76 -1 379 -1 623 -1 -1 -1 -1 -1
336 336 10 172 23 -1 534 -1 176 520 -1 -1 -1
337 337 42 172 23 -1 534 -1 370 520 -1 176 -1 536 -1 488 176 -1 120 -1 -1 764 810 -1 786 0 -1 121 520 -1 177 520 -1 164 -1 -1 -1 -1 714 823 -1 -1 -1 -1 -1
338 338 6 176 23 -1 534 -1 -1
339 339 6 176 23 -1 534 -1 -1
340 340 6 176 23 -1 534 -1 -1
341 341 6 176 23 -1 534 -1 -1
342 342 6 176 23 -1 534 -1 -1
343 343 6 176 23 -1 534 -1 -1
344 344 6 176 23 -1 534 -1 -1
345 345 6 176 23 -1 534 -1 -1
346 346 6 176 23 -1 534 -1 -1
347 347 6 176 23 -1 534 -1 -1
348 348 6 176 23 -1 534 -1 -1
349 349 6 176 23 -1 534 -1 -1
350 350 6 176 23 -1 534 -1 -1
351 351 6 176 23 -1 534 -1 -1
352 352 6 176 23 -1 534 -1 -1
353 353 6 176 23 -1 534 -1 -1
354 354 6 176 23 -1 534 -1 -1
355 355 6 176 23 -1 534 -1 -1
356 356 6 176 23 -1 534 -1 -1
357 357 6 176 23 -1 534 -1 -1
358 358 6 176 23 -1 534 -1 -1
359 359 6 176 23 -1 534 -1 -1
360 360 10 176 23 -1 534 -1 176 319 -1 -1 -1
361 361 10 176 23 -1 534 -1 623 319 -1 -1 -1
362 362 10 176 23 -1 534 -1 623 319 -1 -1 -1
363 363 12 486 23 -1 534 -1 528 310 -1 811 -1 -1 -1
364 364 12 486 23 -1 534 -1 528 310 -1 811 -1 -1 -1
365 365 12 486 23 -1 534 -1 528 310 -1 811 -1 -1 -1
366 366 12 172 23 -1 538 -1 192 880 811 -1 -1 -1 -1
367 367 12 172 23 -1 538 -1 192 880 811 -1 -1 -1 -1
368 368 20 172 23 -1 623 -1 220 -1 631 596 -1 -1 176 -1 76 902 -1 726 -1 -1 -1
369 369 18 172 27 -1 847 520 -1 693 -1 24 -1 726 -1 -1 623 36 -1 -1 -1
370 370 24 251 109 476 39 -1 -1 819 -1 445 -1 42 -1 -1 899 -1 55 -1 558 39 -1 243 -1 -1 -1
371 371 22 251 356 476 39 -1 -1 819 -1 445 -1 -1 899 -1 55 -1 558 39 -1 243 -1 -1 -1
372 372 6 45 680 823 -1 -1 -1
373 373 12 46 575 894 20 -1 -1 823 -1 507 -1 -1 -1
374 374 22 76 486 0 -1 867 823 -1 623 36 -1 0 -1 528 310 -1 811 -1 -1 -1 -1 -1 -1
375 375 14 255 139 76 -1 -1 791 613 310 -1 47 -1 -1 -1 -1
376 376 22 172 76 -1 172 520 -1 -1 873 36 -1 811 -1 374 -1 5 310 -1 811 -1 -1 -1 -1
377 377 16 172 76 -1 580 520 -1 808 -1 134 -1 430 -1 623 -1 -1 -1
378 378 14 600 76 -1 486 -1 172 310 -1 811 -1 677 -1 -1 -1
379 379 14 600 76 -1 486 -1 172 310 -1 811 -1 677 -1 -1 -1
380 380 10 745 623 76 -1 -1 113 386 -1 -1 -1
381 381 20 76 623 811 -1 776 520 -1 811 -1 378 -1 24 -1 172 545 -1 -1 -1 -1 -1
382 382 12 743 80 -1 867 823 -1 737 310 -1 -1 -1 -1
383 383 28 176 87 -1 55 -1 0 -1 741 -1 765 823 -1 873 811 -1 693 -1 222 310 -1 18 -1 760 -1 -1 -1 -1 -1
384 384 28 176 87 -1 55 -1 0 -1 741 -1 765 823 -1 873 811 -1 693 -1 222 310 -1 18 -1 760 -1 -1 -1 -1 -1
385 385 28 176 87 -1 55 -1 0 -1 741 -1 765 823 -1 873 811 -1 693 -1 222 310 -1 18 -1 760 -1 -1 -1 -1 -1
386 386 10 76 139 -1 623 -1 139 -1 623 -1 -1
387 387 10 76 139 -1 623 -1 139 -1 623 -1 -1
388 388 4 171 142 -1 -1
389 389 26 171 142 -1 172 0 -1 119 520 -1 685 -1 -1 170 823 -1 -1 558 822 -1 310 -1 811 -1 -1 -1 -1
390 390 8 171 142 -1 144 76 -1 -1 -1
391 391 6 172 142 -1 171 -1 -1
392 392 6 172 142 -1 171 -1 -1
393 393 34 172 142 -1 171 -1 874 520 -1 176 -1 -1 45 817 -1 33 -1 811 -1 129 894 20 -1 -1 823 -1 457 24 -1 877 -1 -1 -1 -1 -1
394 394 12 172 142 -1 171 -1 142 520 -1 420 -1 -1 -1
395 395 18 662 172 142 -1 171 -1 -1 774 811 -1 746 520 -1 811 -1 -1 -1 -1
396 396 16 172 142 -1 171 -1 726 902 -1 -1 558 4 823 -1 -1 -1 -1
397 397 12 172 142 -1 171 -1 76 902 -1 726 -1 -1 -1
398 398 12 172 142 -1 171 -1 76 902 -1 726 -1 -1 -1
399 399 38 172 142 -1 171 -1 76 902 -1 726 -1 -1 353 623 558 -1 536 -1 172 142 -1 171 -1 -1 76 902 -1 726 -1 -1 623 353 -1 558 -1 -1 -1 -1 -1
400 400 12 76 142 -1 171 -1 176 -1 172 -1 743 -1 -1
401 401 20 897 142 -1 171 -1 176 -1 900 520 -1 811 -1 142 -1 171 -1 507 -1 -1 -1
402 402 10 171 142 -1 142 520 -1 420 -1 -1 -1
403 403 10 171 142 -1 142 520 -1 420 -1 -1 -1
404 404 10 171 142 -1 142 520 -1 743 -1 -1 -1
405 405 12 171 142 -1 536 -1 172 344 -1 176 -1 -1 -1
406 406 10 171 142 -1 536 -1 639 344 -1 -1 -1
407 407 10 171 142 -1 536 -1 639 344 -1 -1 -1
408 408 10 171 142 -1 76 902 -1 726 -1 -1 -1
409 409 20 171 142 -1 76 902 -1 726 -1 -1 682 874 18 -1 -1 484 -1 55 -1 -1 -1
410 410 52 764 171 142 -1 76 902 -1 726 -1 -1 76 874 18 -1 -1 484 -1 55 -1 683 -1 76 -1 -1 -1 555 811 -1 142 310 -1 558 -1 219 -1 350 -1 -1 156 894 -1 623 823 -1 760 -1 219 -1 -1 -1 -1 -1
411 411 10 623 461 167 -1 43 -1 -1 390 -1 -1
412 412 18 172 77 598 811 -1 536 -1 545 -1 754 520 -1 811 -1 -1 -1 -1 -1
413 413 18 172 77 598 811 -1 536 -1 545 -1 754 520 -1 811 -1 -1 -1 -1 -1
414 414 18 45 172 -1 446 -1 176 -1 873 823 -1 0 -1 762 -1 219 -1 -1 -1
415 415 10 515 172 -1 847 520 -1 176 -1 -1 -1
416 416 8 172 176 520 -1 142 -1 -1 -1
417 417 8 172 176 520 -1 142 -1 -1 -1
418 418 12 172 572 520 -1 142 -1 845 -1 555 -1 -1 -1
419 419 10 172 172 520 -1 -1 131 823 -1 -1 -1
420 420 14 172 520 176 144 488 614 -1 294 -1 -1 -1 -1 -1 -1
421 421 16 875 172 726 520 -1 176 -1 402 520 -1 677 -1 -1 -1 -1 -1
422 422 18 172 638 520 -1 176 -1 914 -1 -1 897 310 -1 24 -1 342 -1 -1 -1
423 423 10 172 682 520 -1 485 -1 176 -1 -1 -1
424 424 14 172 616 520 -1 722 -1 -1 623 902 -1 726 -1 -1 -1
425 425 8 172 76 520 -1 726 -1 -1 -1
426 426 8 172 76 520 -1 726 -1 -1 -1
427 427 14 172 76 520 -1 726 -1 144 352 811 -1 -1 -1 -1 -1
428 428 20 172 76 520 -1 726 -1 -1 76 353 -1 726 558 -1 139 -1 -1 390 -1 -1 -1
429 429 14 172 847 520 -1 811 -1 693 -1 -1 623 36 -1 -1 -1
430 430 14 172 847 520 -1 811 -1 693 -1 -1 623 36 -1 -1 -1
431 431 8 172 176 520 -1 847 -1 -1 -1
432 432 8 176 172 848 520 -1 -1 -1 -1
433 433 6 172 536 -1 875 -1 -1
434 434 6 172 536 -1 875 -1 -1
435 435 6 172 536 -1 875 -1 -1
436 436 6 172 536 -1 875 -1 -1
437 437 6 172 536 -1 875 -1 -1
438 438 6 172 536 -1 875 -1 -1
439 439 6 172 536 -1 875 -1 -1
440 440 6 172 536 -1 875 -1 -1
441 441 6 172 536 -1 875 -1 -1
442 442 6 172 536 -1 875 -1 -1
443 443 6 172 536 -1 875 -1 -1
444 444 6 172 536 -1 875 -1 -1
445 445 6 172 536 -1 875 -1 -1
446 446 8 172 153 823 -1 862 -1 -1 -1
447 447 6 172 602 823 -1 -1 -1
448 448 8 172 393 902 -1 76 -1 -1 -1
449 449 34 172 76 902 -1 726 -1 76 -1 144 874 811 -1 374 -1 777 310 -1 811 -1 868 321 360 -1 811 -1 780 -1 -1 -1 -1 -1 -1 -1 -1
450 450 14 172 847 902 -1 811 -1 693 -1 -1 623 36 -1 -1 -1
451 451 14 172 91 894 902 -1 -1 823 -1 378 811 -1 -1 -1 -1
452 452 18 46 176 -1 31 894 20 -1 -1 507 811 -1 754 -1 -1 390 -1 -1 -1
453 453 6 176 142 62 -1 -1 -1
454 454 6 176 142 62 -1 -1 -1
455 455 6 176 142 62 -1 -1 -1
456 456 4 76 176 -1 -1
457 457 4 76 176 -1 -1
458 458 4 172 176 -1 -1
459 459 4 172 176 -1 -1
460 460 18 240 176 -1 172 -1 693 -1 623 36 24 -1 75 -1 -1 823 -1 -1 -1
461 461 14 172 176 -1 176 811 -1 757 -1 606 823 -1 -1 -1 -1
462 462 4 176 524 -1 -1
463 463 4 176 524 -1 -1
464 464 4 176 524 -1 -1
465 465 4 176 524 -1 -1
466 466 4 176 524 -1 -1
467 467 4 176 524 -1 -1
468 468 4 176 524 -1 -1
469 469 4 176 524 -1 -1
470 470 4 176 524 -1 -1
471 471 4 176 524 -1 -1
472 472 4 176 524 -1 -1
473 473 4 176 524 -1 -1
474 474 4 176 524 -1 -1
475 475 4 176 524 -1 -1
476 476 6 139 176 -1 188 -1 -1
477 477 6 139 176 -1 188 -1 -1
478 478 20 139 176 -1 188 -1 869 893 -1 414 811 -1 -1 172 0 -1 63 -1 -1 -1 -1
479 479 6 215 176 -1 640 -1 -1
480 480 20 340 176 -1 868 810 -1 899 -1 55 -1 321 83 -1 811 -1 623 -1 -1 -1 -1
481 481 26 176 369 439 893 -1 452 811 -1 377 -1 558 360 -1 -1 -1 33 -1 536 -1 863 -1 840 -1 -1 -1 -1
482 482 22 176 369 755 893 -1 823 -1 558 902 -1 536 -1 13 395 -1 76 -1 -1 -1 -1 -1 -1
483 483 10 404 176 -1 874 310 -1 886 -1 -1 -1
484 484 8 286 176 -1 408 -1 656 -1 -1
485 485 12 420 176 -1 455 -1 558 520 -1 18 -1 -1 -1
486 486 12 142 176 -1 455 -1 594 -1 904 -1 365 -1 -1
487 487 8 463 176 -1 831 823 -1 -1 -1
488 488 16 76 176 -1 484 -1 55 -1 360 -1 811 -1 638 -1 639 -1 -1
489 489 10 492 176 -1 484 -1 55 -1 503 -1 -1
490 490 20 486 176 -1 296 520 -1 811 -1 153 894 823 -1 -1 823 -1 823 -1 -1 -1 -1
491 491 10 513 176 -1 121 520 -1 690 -1 -1 -1
492 492 24 176 575 520 -1 893 536 -1 511 -1 -1 823 -1 566 0 -1 106 -1 -1 870 739 -1 -1 -1 -1
493 493 12 486 176 -1 534 -1 528 520 -1 811 -1 -1 -1
494 494 12 176 536 -1 172 -1 176 520 -1 142 -1 -1 -1
495 495 42 176 536 -1 172 -1 287 520 -1 142 -1 176 -1 -1 336 894 83 -1 -1 235 823 -1 76 76 -1 -1 -1 899 -1 378 811 -1 219 360 -1 67 -1 760 -1 -1 -1 -1 -1
496 496 28 176 536 -1 172 -1 176 520 -1 142 -1 536 -1 172 -1 845 520 -1 142 -1 176 520 -1 142 -1 -1 -1 -1 -1
497 497 28 176 536 -1 172 -1 176 520 -1 142 -1 536 -1 172 -1 845 520 -1 142 -1 176 520 -1 142 -1 -1 -1 -1 -1
498 498 28 176 536 -1 172 -1 176 520 -1 142 -1 536 -1 172 -1 845 520 -1 142 -1 176 520 -1 142 -1 -1 -1 -1 -1
499 499 10 176 536 -1 172 -1 176 520 -1 -1 -1
500 500 40 176 536 -1 700 -1 284 176 -1 172 -1 655 -1 -1 867 823 -1 710 203 474 -1 -1 796 39 -1 348 -1 328 -1 122 -1 332 -1 642 -1 898 -1 -1 -1 -1 -1
501 501 20 731 45 176 536 -1 726 -1 -1 172 -1 534 -1 -1 894 550 -1 -1 823 -1 -1
502 502 10 570 176 -1 296 823 -1 0 -1 -1 -1
503 503 4 623 176 -1 -1
504 504 4 623 176 -1 -1
505 505 4 623 176 -1 -1
506 506 4 623 176 -1 -1
507 507 18 553 176 -1 623 -1 172 246 -1 58 -1 536 -1 16 -1 243 -1 -1 -1
508 508 6 711 176 -1 634 -1 -1
509 509 6 711 176 -1 634 -1 -1
510 510 6 711 176 -1 634 -1 -1
511 511 4 682 176 -1 -1
512 512 4 682 176 -1 -1
513 513 4 682 176 -1 -1
514 514 12 76 743 176 -1 901 520 -1 697 -1 -1 -1 -1
515 515 14 743 176 -1 901 520 -1 811 -1 44 -1 590 -1 -1 -1
516 516 10 176 766 46 811 -1 93 -1 -1 -1 -1
517 517 20 537 176 -1 837 -1 597 -1 537 353 -1 139 -1 595 -1 139 353 -1 -1 -1 -1
518 518 16 176 31 893 -1 555 -1 390 -1 258 39 -1 811 -1 -1 -1 -1
519 519 30 176 670 893 -1 558 -1 390 -1 811 -1 754 520 -1 0 -1 -1 536 -1 172 390 -1 0 -1 431 520 -1 -1 -1 -1 -1
520 520 16 176 869 893 -1 414 811 -1 -1 172 0 -1 63 -1 -1 -1 -1
521 521 16 176 869 893 -1 414 811 -1 -1 172 0 -1 63 -1 -1 -1 -1
522 522 16 176 869 893 -1 414 811 -1 -1 172 0 -1 63 -1 -1 -1 -1
523 523 16 176 832 893 -1 876 811 -1 414 -1 -1 734 -1 55 -1 -1 -1
524 524 4 76 188 -1 -1
525 525 4 76 188 -1 -1
526 526 4 139 188 -1 -1
527 527 4 139 188 -1 -1
528 528 4 139 188 -1 -1
529 529 4 139 188 -1 -1
530 530 4 139 188 -1 -1
531 531 4 139 188 -1 -1
532 532 4 139 188 -1 -1
533 533 4 139 188 -1 -1
534 534 4 139 188 -1 -1
535 535 4 139 188 -1 -1
536 536 4 139 188 -1 -1
537 537 4 139 188 -1 -1
538 538 4 139 188 -1 -1
539 539 4 139 188 -1 -1
540 540 4 139 188 -1 -1
541 541 4 139 188 -1 -1
542 542 4 139 188 -1 -1
543 543 4 139 188 -1 -1
544 544 4 139 188 -1 -1
545 545 4 139 188 -1 -1
546 546 4 139 188 -1 -1
547 547 4 139 188 -1 -1
548 548 4 139 188 -1 -1
549 549 4 139 188 -1 -1
550 550 4 139 188 -1 -1
551 551 4 139 188 -1 -1
552 552 4 139 188 -1 -1
553 553 4 139 188 -1 -1
554 554 4 139 188 -1 -1
555 555 4 139 188 -1 -1
556 556 4 139 188 -1 -1
557 557 4 139 188 -1 -1
558 558 4 139 188 -1 -1
559 559 4 139 188 -1 -1
560 560 4 139 188 -1 -1
561 561 4 139 188 -1 -1
562 562 4 139 188 -1 -1
563 563 4 139 188 -1 -1
564 564 4 139 188 -1 -1
565 565 4 139 188 -1 -1
566 566 4 139 188 -1 -1
567 567 4 139 188 -1 -1
568 568 4 139 188 -1 -1
569 569 4 139 188 -1 -1
570 570 4 139 188 -1 -1
571 571 4 139 188 -1 -1
572 572 4 139 188 -1 -1
573 573 4 139 188 -1 -1
574 574 4 139 188 -1 -1
575 575 4 139 188 -1 -1
576 576 4 139 188 -1 -1
577 577 4 139 188 -1 -1
578 578 4 139 188 -1 -1
579 579 4 139 188 -1 -1
580 580 4 139 188 -1 -1
581 581 4 139 188 -1 -1
582 582 4 139 188 -1 -1
583 583 4 139 188 -1 -1
584 584 4 139 188 -1 -1
585 585 4 139 188 -1 -1
586 586 4 139 188 -1 -1
587 587 4 139 188 -1 -1
588 588 4 139 188 -1 -1
589 589 4 139 188 -1 -1
590 590 4 139 188 -1 -1
591 591 4 139 188 -1 -1
592 592 4 139 188 -1 -1
593 593 4 139 188 -1 -1
594 594 4 139 188 -1 -1
595 595 4 139 188 -1 -1
596 596 4 139 188 -1 -1
597 597 4 139 188 -1 -1
598 598 4 139 188 -1 -1
599 599 4 139 188 -1 -1
600 600 4 139 188 -1 -1
601 601 4 139 188 -1 -1
602 602 4 139 188 -1 -1
603 603 4 139 188 -1 -1
604 604 4 139 188 -1 -1
605 605 4 139 188 -1 -1
606 606 4 139 188 -1 -1
607 607 4 139 188 -1 -1
608 608 4 139 188 -1 -1
609 609 4 139 188 -1 -1
610 610 4 139 188 -1 -1
611 611 4 139 188 -1 -1
612 612 4 139 188 -1 -1
613 613 4 139 188 -1 -1
614 614 4 139 188 -1 -1
615 615 4 139 188 -1 -1
616 616 4 139 188 -1 -1
617 617 4 139 188 -1 -1
618 618 4 139 188 -1 -1
619 619 4 139 188 -1 -1
620 620 4 139 188 -1 -1
621 621 4 139 188 -1 -1
622 622 4 140 188 -1 -1
623 623 4 140 188 -1 -1
624 624 4 140 188 -1 -1
625 625 4 140 188 -1 -1
626 626 4 140 188 -1 -1
627 627 4 140 188 -1 -1
628 628 4 140 188 -1 -1
629 629 4 140 188 -1 -1
630 630 4 140 188 -1 -1
631 631 4 140 188 -1 -1
632 632 4 140 188 -1 -1
633 633 4 140 188 -1 -1
634 634 4 140 188 -1 -1
635 635 4 140 188 -1 -1
636 636 4 140 188 -1 -1
637 637 4 140 188 -1 -1
638 638 4 140 188 -1 -1
639 639 4 140 188 -1 -1
640 640 4 140 188 -1 -1
641 641 4 140 188 -1 -1
642 642 4 140 188 -1 -1
643 643 4 140 188 -1 -1
644 644 4 140 188 -1 -1
645 645 4 140 188 -1 -1
646 646 4 140 188 -1 -1
647 647 4 140 188 -1 -1
648 648 4 140 188 -1 -1
649 649 4 140 188 -1 -1
650 650 4 140 188 -1 -1
651 651 4 142 188 -1 -1
652 652 4 142 188 -1 -1
653 653 4 142 188 -1 -1
654 654 4 142 188 -1 -1
655 655 4 142 188 -1 -1
656 656 4 142 188 -1 -1
657 657 4 142 188 -1 -1
658 658 4 142 188 -1 -1
659 659 4 142 188 -1 -1
660 660 4 142 188 -1 -1
661 661 4 142 188 -1 -1
662 662 4 142 188 -1 -1
663 663 4 142 188 -1 -1
664 664 4 142 188 -1 -1
665 665 4 142 188 -1 -1
666 666 4 142 188 -1 -1
667 667 4 142 188 -1 -1
668 668 4 142 188 -1 -1
669 669 4 142 188 -1 -1
670 670 4 142 188 -1 -1
671 671 4 142 188 -1 -1
672 672 4 142 188 -1 -1
673 673 4 142 188 -1 -1
674 674 4 142 188 -1 -1
675 675 4 142 188 -1 -1
676 676 4 142 188 -1 -1
677 677 4 142 188 -1 -1
678 678 4 142 188 -1 -1
679 679 4 142 188 -1 -1
680 680 4 142 188 -1 -1
681 681 4 142 188 -1 -1
682 682 4 142 188 -1 -1
683 683 4 142 188 -1 -1
684 684 4 142 188 -1 -1
685 685 4 142 188 -1 -1
686 686 4 142 188 -1 -1
687 687 4 142 188 -1 -1
688 688 4 142 188 -1 -1
689 689 4 142 188 -1 -1
690 690 4 142 188 -1 -1
691 691 4 142 188 -1 -1
692 692 4 142 188 -1 -1
693 693 4 142 188 -1 -1
694 694 4 142 188 -1 -1
695 695 4 142 188 -1 -1
696 696 4 142 188 -1 -1
697 697 4 142 188 -1 -1
698 698 4 142 188 -1 -1
699 699 4 142 188 -1 -1
700 700 4 142 188 -1 -1
701 701 4 142 188 -1 -1
702 702 4 142 188 -1 -1
703 703 4 142 188 -1 -1
704 704 4 142 188 -1 -1
705 705 4 142 188 -1 -1
706 706 4 142 188 -1 -1
707 707 4 142 188 -1 -1
708 708 4 142 188 -1 -1
709 709 4 142 188 -1 -1
710 710 4 142 188 -1 -1
711 711 4 142 188 -1 -1
712 712 4 142 188 -1 -1
713 713 4 142 188 -1 -1
714 714 4 142 188 -1 -1
715 715 4 142 188 -1 -1
716 716 4 142 188 -1 -1
717 717 4 142 188 -1 -1
718 718 4 142 188 -1 -1
719 719 4 142 188 -1 -1
720 720 4 142 188 -1 -1
721 721 4 142 188 -1 -1
722 722 4 142 188 -1 -1
723 723 4 142 188 -1 -1
724 724 4 142 188 -1 -1
725 725 4 142 188 -1 -1
726 726 4 142 188 -1 -1
727 727 4 142 188 -1 -1
728 728 4 142 188 -1 -1
729 729 4 142 188 -1 -1
730 730 4 142 188 -1 -1
731 731 4 142 188 -1 -1
732 732 4 142 188 -1 -1
733 733 4 142 188 -1 -1
734 734 4 210 188 -1 -1
735 735 4 210 188 -1 -1
736 736 4 210 188 -1 -1
737 737 4 210 188 -1 -1
738 738 4 210 188 -1 -1
739 739 4 210 188 -1 -1
740 740 4 210 188 -1 -1
741 741 4 210 188 -1 -1
742 742 4 210 188 -1 -1
743 743 4 210 188 -1 -1
744 744 4 210 188 -1 -1
745 745 4 210 188 -1 -1
746 746 4 210 188 -1 -1
747 747 4 210 188 -1 -1
748 748 4 210 188 -1 -1
749 749 4 210 188 -1 -1
750 750 4 210 188 -1 -1
751 751 4 210 188 -1 -1
752 752 4 210 188 -1 -1
753 753 4 210 188 -1 -1
754 754 4 210 188 -1 -1
755 755 4 210 188 -1 -1
756 756 4 210 188 -1 -1
757 757 4 210 188 -1 -1
758 758 4 210 188 -1 -1
759 759 4 210 188 -1 -1
760 760 4 210 188 -1 -1
761 761 4 210 188 -1 -1
762 762 4 210 188 -1 -1
763 763 4 210 188 -1 -1
764 764 4 210 188 -1 -1
765 765 4 210 188 -1 -1
766 766 4 210 188 -1 -1
767 767 4 210 188 -1 -1
768 768 4 210 188 -1 -1
769 769 4 210 188 -1 -1
770 770 4 210 188 -1 -1
771 771 4 210 188 -1 -1
772 772 4 210 188 -1 -1
773 773 4 210 188 -1 -1
774 774 4 210 188 -1 -1
775 775 4 210 188 -1 -1
776 776 4 210 188 -1 -1
777 777 4 210 188 -1 -1
778 778 4 210 188 -1 -1
779 779 4 210 188 -1 -1
780 780 4 210 188 -1 -1
781 781 4 210 188 -1 -1
782 782 4 210 188 -1 -1
783 783 4 210 188 -1 -1
784 784 4 210 188 -1 -1
785 785 4 210 188 -1 -1
786 786 4 210 188 -1 -1
787 787 4 210 188 -1 -1
788 788 4 210 188 -1 -1
789 789 4 210 188 -1 -1
790 790 4 210 188 -1 -1
791 791 4 210 188 -1 -1
792 792 4 210 188 -1 -1
793 793 4 210 188 -1 -1
794 794 4 210 188 -1 -1
795 795 4 210 188 -1 -1
796 796 4 210 188 -1 -1
797 797 4 210 188 -1 -1
798 798 4 210 188 -1 -1
799 799 4 210 188 -1 -1
800 800 6 139 188 -1 390 -1 -1
801 801 6 142 188 -1 390 -1 -1
802 802 6 142 188 -1 390 -1 -1
803 803 8 262 188 -1 390 -1 142 -1 -1
804 804 8 262 188 -1 390 -1 142 -1 -1
805 805 4 623 188 -1 -1
806 806 4 623 188 -1 -1
807 807 4 623 188 -1 -1
808 808 4 623 188 -1 -1
809 809 4 623 188 -1 -1
810 810 4 623 188 -1 -1
811 811 4 623 188 -1 -1
812 812 4 623 188 -1 -1
813 813 8 76 188 -1 873 -1 139 -1 -1
814 814 18 188 873 139 350 242 231 872 797 -1 35 -1 -1 -1 -1 -1 -1 -1 -1
815 815 6 140 188 -1 873 -1 -1
816 816 56 716 771 188 -1 873 -1 140 -1 -1 390 -1 421 -1 400 823 -1 -1 874 310 -1 439 -1 -1 61 752 -1 391 -1 907 -1 55 -1 798 353 -1 885 -1 874 811 -1 -1 638 360 -1 682 520 -1 142 -1 682 -1 -1 -1 -1 -1 -1
817 817 8 176 873 188 -1 -1 390 -1 -1
818 818 6 189 76 823 -1 -1 -1
819 819 6 189 139 823 -1 -1 -1
820 820 6 189 139 823 -1 -1 -1
821 821 6 189 139 823 -1 -1 -1
822 822 6 189 139 823 -1 -1 -1
823 823 6 189 139 823 -1 -1 -1
824 824 6 189 139 823 -1 -1 -1
825 825 6 189 139 823 -1 -1 -1
826 826 6 189 139 823 -1 -1 -1
827 827 6 189 139 823 -1 -1 -1
828 828 6 189 140 823 -1 -1 -1
829 829 22 618 189 141 823 -1 -1 -1 76 811 -1 387 -1 702 -1 559 -1 -1 694 823 -1 -1 -1
830 830 6 189 142 823 -1 -1 -1
831 831 6 189 142 823 -1 -1 -1
832 832 6 189 142 823 -1 -1 -1
833 833 6 189 142 823 -1 -1 -1
834 834 6 189 142 823 -1 -1 -1
835 835 6 189 142 823 -1 -1 -1
836 836 6 189 142 823 -1 -1 -1
837 837 6 189 142 823 -1 -1 -1
838 838 6 189 142 823 -1 -1 -1
839 839 6 189 142 823 -1 -1 -1
840 840 6 189 142 823 -1 -1 -1
841 841 6 189 142 823 -1 -1 -1
842 842 6 189 142 823 -1 -1 -1
843 843 6 189 142 823 -1 -1 -1
844 844 14 189 142 823 -1 176 353 -1 558 -1 390 -1 -1 -1 -1
845 845 8 189 142 823 -1 708 -1 -1 -1
846 846 6 189 176 823 -1 -1 -1
847 847 4 824 189 -1 -1
848 848 4 824 189 -1 -1
849 849 10 191 847 811 -1 874 520 -1 -1 -1 -1
850 850 20 199 46 894 -1 172 520 -1 811 -1 558 -1 -1 650 823 -1 6 -1 -1 -1 -1
851 851 4 640 217 -1 -1
852 852 58 171 219 -1 484 -1 55 -1 142 -1 536 -1 76 142 -1 171 -1 731 -1 -1 764 513 811 -1 585 520 -1 732 894 83 -1 -1 248 -1 33 -1 76 593 -1 219 20 -1 811 -1 763 76 83 -1 558 -1 -1 -1 -1 -1 -1 -1 -1 -1 -1
853 853 10 219 250 520 -1 811 -1 193 -1 -1 -1
854 854 16 224 296 902 -1 101 -1 536 -1 570 100 823 -1 -1 -1 -1 -1
855 855 8 240 345 310 -1 677 -1 -1 -1
856 856 34 176 246 -1 0 -1 622 -1 536 -1 86 0 -1 -1 2 810 -1 623 811 -1 559 -1 -1 24 -1 679 176 0 -1 622 -1 -1 -1 -1 -1
857 857 16 382 246 -1 0 -1 623 -1 176 23 -1 536 -1 504 -1 -1 -1
858 858 22 96 257 -1 30 810 -1 390 -1 257 39 -1 811 -1 176 811 -1 603 -1 -1 -1 -1 -1
859 859 10 282 176 823 -1 55 -1 23 -1 -1 -1
860 860 18 873 283 -1 176 -1 89 -1 473 -1 780 -1 790 310 -1 819 -1 -1 -1
861 861 62 623 485 310 -1 142 391 -1 -1 -1 87 -1 55 -1 246 -1 76 536 -1 623 -1 -1 485 310 -1 142 391 -1 -1 -1 623 87 -1 55 -1 246 -1 76 536 -1 623 -1 24 -1 485 310 -1 142 76 246 -1 623 -1 536 -1 623 -1 -1 -1 -1 -1 -1 -1
862 862 10 338 639 693 -1 558 36 -1 -1 -1 -1
863 863 8 342 670 520 -1 811 -1 -1 -1
864 864 20 638 342 -1 731 -1 315 36 -1 0 -1 176 -1 342 520 -1 811 -1 -1 -1 -1
865 865 40 33 65 445 347 -1 -1 -1 815 -1 177 360 -1 811 -1 757 -1 767 -1 851 894 -1 390 -1 350 823 -1 55 -1 293 -1 142 -1 142 -1 242 -1 -1 -1 -1 -1
866 866 16 537 352 -1 33 -1 360 -1 721 -1 775 558 319 -1 -1 -1 -1
867 867 26 239 353 -1 139 -1 806 0 -1 138 -1 -1 390 -1 289 360 -1 532 520 -1 244 474 -1 -1 -1 -1 -1
868 868 26 8 353 -1 139 -1 142 -1 63 823 -1 811 -1 323 520 -1 811 -1 311 -1 -1 -1 375 39 -1 -1 -1
869 869 26 8 353 -1 139 -1 142 -1 63 823 -1 811 -1 323 520 -1 811 -1 311 -1 -1 -1 375 39 -1 -1 -1
870 870 18 8 353 -1 139 -1 521 623 520 -1 -1 172 823 -1 509 -1 -1 -1 -1
871 871 18 8 353 -1 139 -1 521 623 520 -1 -1 172 823 -1 509 -1 -1 -1 -1
872 872 20 129 353 -1 76 139 -1 -1 172 525 -1 811 -1 415 -1 623 -1 742 -1 -1 -1
873 873 18 281 353 -1 76 139 -1 172 814 -1 127 -1 -1 -1 33 -1 511 -1 -1
874 874 12 129 353 -1 139 -1 623 320 -1 744 -1 -1 -1
875 875 14 255 353 -1 139 -1 116 335 520 -1 276 -1 -1 -1 -1
876 876 10 483 353 -1 139 -1 623 83 -1 -1 -1
877 877 10 575 353 -1 139 -1 165 275 -1 -1 -1
878 878 16 575 353 -1 139 -1 279 275 -1 166 -1 429 -1 789 -1 -1 -1
879 879 24 578 353 -1 139 -1 279 811 -1 166 -1 429 -1 789 -1 -1 223 360 -1 811 -1 680 -1 -1 -1
880 880 24 353 606 139 -1 172 811 -1 378 -1 49 -1 24 -1 676 172 811 -1 681 -1 -1 -1 -1 -1 -1
881 881 22 621 353 -1 139 -1 785 243 -1 333 -1 -1 704 385 -1 0 -1 717 -1 125 -1 -1 -1
882 882 10 354 353 -1 623 139 -1 -1 390 -1 -1
883 883 10 354 353 -1 623 139 -1 -1 390 -1 -1
884 884 12 868 353 -1 623 139 -1 -1 390 -1 511 -1 -1
885 885 14 836 353 -1 623 139 -1 -1 390 -1 481 58 -1 -1 -1
886 886 18 838 353 -1 623 139 -1 -1 390 -1 453 36 -1 0 -1 759 -1 -1 -1
887 887 16 674 353 -1 139 -1 222 651 -1 -1 142 902 -1 420 -1 -1 -1
888 888 16 675 353 -1 139 -1 222 651 -1 142 902 -1 420 -1 -1 -1 -1
889 889 16 675 353 -1 139 -1 222 651 -1 142 902 -1 420 -1 -1 -1 -1
890 890 16 675 353 -1 139 -1 222 651 -1 142 902 -1 420 -1 -1 -1 -1
891 891 20 353 679 139 -1 172 0 -1 383 520 -1 -1 76 0 -1 194 -1 -1 -1 -1 -1
892 892 40 76 353 -1 380 139 -1 811 -1 24 -1 547 -1 -1 899 -1 55 -1 360 -1 726 -1 76 892 -1 88 360 -1 811 -1 139 -1 -1 391 -1 899 -1 55 -1 -1 -1
893 893 60 353 139 868 776 811 -1 413 -1 694 310 -1 243 -1 -1 365 39 -1 350 -1 53 360 -1 0 -1 -1 -1 -1 899 -1 55 -1 776 36 -1 374 -1 -1 694 310 -1 811 -1 350 520 -1 365 -1 -1 -1 53 360 -1 811 -1 309 -1 -1 -1 -1 -1
894 894 26 353 139 19 172 811 -1 677 -1 516 -1 -1 390 -1 267 823 -1 341 -1 565 -1 874 -1 -1 -1 -1 -1
895 895 48 608 353 -1 526 139 -1 811 -1 677 -1 -1 899 -1 172 0 -1 142 -1 171 -1 848 310 -1 18 -1 296 -1 -1 -1 24 -1 841 899 -1 327 26 -1 -1 316 823 -1 811 -1 305 -1 -1 -1 -1
896 896 58 608 353 -1 526 139 -1 811 -1 677 -1 -1 899 -1 172 0 -1 142 -1 171 -1 398 310 -1 587 -1 24 -1 298 66 -1 -1 -1 -1 24 -1 172 0 -1 142 -1 171 -1 327 310 -1 18 -1 893 26 536 -1 511 -1 -1 -1 -1 -1 -1
897 897 28 839 353 -1 139 -1 448 176 -1 629 -1 -1 97 36 -1 655 -1 295 381 -1 520 -1 811 -1 176 -1 -1 -1 -1
898 898 24 161 353 -1 139 -1 899 -1 875 0 -1 700 -1 702 823 -1 706 811 -1 41 -1 -1 -1 -1 -1
899 899 38 725 353 -1 139 823 -1 -1 619 814 -1 545 811 -1 612 520 -1 811 -1 232 -1 -1 -1 390 -1 811 -1 157 -1 696 62 -1 811 -1 846 -1 -1 -1 -1
900 900 30 469 357 -1 436 246 -1 142 -1 142 -1 428 550 -1 378 -1 760 -1 -1 575 823 -1 566 811 -1 314 -1 -1 -1 -1 -1
901 901 4 172 365 -1 -1
902 902 18 365 46 520 -1 -1 690 310 -1 172 360 -1 811 -1 378 -1 -1 -1 -1
903 903 18 365 46 520 -1 -1 690 310 -1 172 360 -1 811 -1 378 -1 -1 -1 -1
904 904 4 172 378 -1 -1
905 905 4 172 378 -1 -1
906 906 4 172 378 -1 -1
907 907 4 172 378 -1 -1
908 908 4 172 378 -1 -1
909 909 6 172 378 -1 516 -1 -1
910 910 18 523 391 -1 484 -1 55 -1 848 520 -1 811 -1 309 -1 -1 176 -1 -1
911 911 24 407 682 399 -1 171 -1 176 -1 172 -1 399 -1 24 -1 399 -1 -1 484 -1 55 -1 779 -1 -1
912 912 8 875 402 -1 536 -1 172 -1 -1
913 913 8 420 558 520 -1 811 -1 -1 -1
914 914 22 513 455 -1 464 520 -1 -1 882 823 -1 548 58 -1 53 23 -1 363 -1 -1 -1 -1 -1
915 915 10 460 429 823 -1 288 522 -1 -1 -1 -1
916 916 16 138 484 -1 55 -1 0 -1 176 -1 172 511 -1 0 -1 -1 -1
917 917 10 847 484 -1 55 -1 0 -1 176 -1 -1
918 918 16 847 484 -1 55 -1 0 -1 503 -1 626 -1 644 -1 176 -1 -1
919 919 6 25 484 -1 55 -1 -1
920 920 6 76 484 -1 55 -1 -1
921 921 6 76 484 -1 55 -1 -1
922 922 6 76 484 -1 55 -1 -1
923 923 6 76 484 -1 55 -1 -1
924 924 6 142 484 -1 55 -1 -1
925 925 8 171 484 -1 55 -1 142 -1 -1
926 926 6 176 484 -1 55 -1 -1
927 927 12 176 484 -1 55 -1 76 902 -1 726 -1 -1 -1
928 928 16 76 484 -1 55 -1 360 -1 638 -1 142 -1 558 -1 726 -1 -1
929 929 12 76 484 -1 55 -1 360 -1 811 -1 638 -1 -1
930 930 12 76 484 -1 55 -1 360 -1 811 -1 638 -1 -1
931 931 12 76 484 -1 55 -1 360 -1 811 -1 638 -1 -1
932 932 16 176 523 484 -1 55 -1 848 520 -1 811 -1 309 -1 -1 -1 -1
933 933 16 176 523 484 -1 55 -1 848 520 -1 811 -1 309 -1 -1 -1 -1
934 934 16 176 523 484 -1 55 -1 848 520 -1 811 -1 309 -1 -1 -1 -1
935 935 16 176 523 484 -1 55 -1 848 520 -1 811 -1 309 -1 -1 -1 -1
936 936 16 176 523 484 -1 55 -1 848 520 -1 811 -1 309 -1 -1 -1 -1
937 937 16 176 523 484 -1 55 -1 848 520 -1 811 -1 309 -1 -1 -1 -1
938 938 16 176 523 484 -1 55 -1 848 520 -1 811 -1 309 -1 -1 -1 -1
939 939 16 176 523 484 -1 55 -1 848 520 -1 811 -1 309 -1 -1 -1 -1
940 940 16 176 523 484 -1 55 -1 848 520 -1 811 -1 309 -1 -1 -1 -1
941 941 16 176 523 484 -1 55 -1 848 520 -1 811 -1 309 -1 -1 -1 -1
942 942 16 176 523 484 -1 55 -1 848 520 -1 811 -1 309 -1 -1 -1 -1
943 943 16 176 523 484 -1 55 -1 848 520 -1 811 -1 309 -1 -1 -1 -1
944 944 16 176 523 484 -1 55 -1 848 520 -1 811 -1 309 -1 -1 -1 -1
945 945 16 176 523 484 -1 55 -1 848 520 -1 811 -1 309 -1 -1 -1 -1
946 946 16 176 523 484 -1 55 -1 848 520 -1 811 -1 309 -1 -1 -1 -1
947 947 16 176 523 484 -1 55 -1 848 520 -1 811 -1 309 -1 -1 -1 -1
948 948 16 176 523 484 -1 55 -1 848 520 -1 811 -1 309 -1 -1 -1 -1
949 949 16 176 523 484 -1 55 -1 848 520 -1 811 -1 309 -1 -1 -1 -1
950 950 16 176 523 484 -1 55 -1 848 520 -1 811 -1 309 -1 -1 -1 -1
951 951 16 176 523 484 -1 55 -1 848 520 -1 811 -1 309 -1 -1 -1 -1
952 952 16 176 523 484 -1 55 -1 848 520 -1 811 -1 309 -1 -1 -1 -1
953 953 16 176 523 484 -1 55 -1 848 520 -1 811 -1 309 -1 -1 -1 -1
954 954 16 176 523 484 -1 55 -1 848 520 -1 811 -1 309 -1 -1 -1 -1
955 955 16 176 523 484 -1 55 -1 848 520 -1 811 -1 309 -1 -1 -1 -1
956 956 16 176 523 484 -1 55 -1 848 520 -1 811 -1 309 -1 -1 -1 -1
957 957 16 176 523 484 -1 55 -1 848 520 -1 811 -1 309 -1 -1 -1 -1
958 958 16 176 523 484 -1 55 -1 848 520 -1 811 -1 309 -1 -1 -1 -1
959 959 16 176 523 484 -1 55 -1 848 520 -1 811 -1 309 -1 -1 -1 -1
960 960 16 176 523 484 -1 55 -1 848 520 -1 811 -1 309 -1 -1 -1 -1
961 961 16 176 523 484 -1 55 -1 848 520 -1 811 -1 309 -1 -1 -1 -1
962 962 16 176 523 484 -1 55 -1 848 520 -1 811 -1 309 -1 -1 -1 -1
963 963 16 176 523 484 -1 55 -1 848 520 -1 811 -1 309 -1 -1 -1 -1
964 964 16 176 523 484 -1 55 -1 848 520 -1 811 -1 309 -1 -1 -1 -1
965 965 16 176 523 484 -1 55 -1 848 520 -1 811 -1 309 -1 -1 -1 -1
966 966 16 176 523 484 -1 55 -1 848 520 -1 811 -1 309 -1 -1 -1 -1
967 967 16 176 523 484 -1 55 -1 848 520 -1 811 -1 309 -1 -1 -1 -1
968 968 12 623 484 -1 55 -1 623 -1 73 -1 142 -1 -1
969 969 12 847 484 -1 55 -1 693 -1 172 36 -1 -1 -1
970 970 4 57 484 -1 -1
971 971 14 341 484 -1 639 811 -1 693 -1 558 36 -1 -1 -1 -1
972 972 14 341 484 -1 847 811 -1 693 -1 558 36 -1 -1 -1 -1
973 973 14 341 484 -1 847 811 -1 693 -1 558 36 -1 -1 -1 -1
974 974 14 341 484 -1 847 811 -1 693 -1 558 36 -1 -1 -1 -1
975 975 14 341 484 -1 847 811 -1 693 -1 558 36 -1 -1 -1 -1
976 976 14 341 484 -1 847 811 -1 693 -1 558 36 -1 -1 -1 -1
977 977 14 341 484 -1 847 811 -1 693 -1 623 36 -1 -1 -1 -1
978 978 14 341 484 -1 847 811 -1 693 -1 623 36 -1 -1 -1 -1
979 979 14 341 484 -1 847 811 -1 693 -1 623 36 -1 -1 -1 -1
980 980 14 341 484 -1 847 811 -1 693 -1 623 36 -1 -1 -1 -1
981 981 14 341 484 -1 847 811 -1 693 -1 623 36 -1 -1 -1 -1
982 982 14 341 484 -1 847 811 -1 693 -1 623 36 -1 -1 -1 -1
983 983 6 172 485 -1 171 -1 -1
984 984 14 486 486 0 -1 76 310 -1 811 -1 528 -1 -1 -1 -1
985 985 8 486 526 520 -1 811 -1 -1 -1
986 986 20 282 487 -1 380 -1 33 -1 76 823 -1 55 -1 360 -1 811 -1 638 -1 -1 -1
987 987 12 172 490 -1 176 -1 76 520 -1 726 -1 -1 -1
988 988 20 688 733 492 -1 -1 899 -1 248 811 -1 -1 223 360 -1 811 -1 530 -1 -1 -1
989 989 6 114 492 -1 749 -1 -1
990 990 12 513 45 520 -1 172 520 -1 811 -1 -1 -1 -1
991 991 16 513 93 520 -1 118 -1 355 310 -1 811 -1 184 -1 -1 -1 -1
992 992 8 513 820 520 -1 557 -1 -1 -1
993 993 10 883 513 93 520 -1 694 -1 -1 -1 -1
994 994 30 513 820 520 -1 -1 867 823 -1 563 310 -1 172 623 -1 -1 172 385 -1 0 -1 172 520 -1 623 -1 -1 -1 -1 -1 -1
995 995 10 513 874 520 -1 -1 324 823 -1 -1 -1
996 996 6 523 176 520 -1 -1 -1
997 997 6 523 623 520 -1 -1 -1
998 998 8 523 76 520 -1 623 -1 -1 -1
999 999 8 523 76 520 -1 623 -1 -1 -1
1000 1000 8 523 76 520 -1 623 -1 -1 -1
1001 1001 8 523 76 520 -1 623 -1 -1 -1
1002 1002 8 523 504 520 -1 623 -1 -1 -1
1003 1003 18 659 523 623 520 -1 -1 -1 112 386 -1 -1 558 902 -1 811 -1 -1 -1
1004 1004 4 172 524 -1 -1
1005 1005 4 172 524 -1 -1
1006 1006 4 172 524 -1 -1
1007 1007 4 172 524 -1 -1
1008 1008 4 176 524 -1 -1
1009 1009 4 176 524 -1 -1
1010 1010 4 176 524 -1 -1
1011 1011 4 176 524 -1 -1
1012 1012 4 176 524 -1 -1
1013 1013 12 486 534 -1 117 -1 121 520 -1 817 -1 -1 -1
1014 1014 22 172 534 -1 35 520 -1 406 -1 567 823 -1 55 -1 558 823 -1 811 -1 -1 -1 -1 -1
1015 1015 4 176 534 -1 -1
1016 1016 4 176 534 -1 -1
1017 1017 12 172 534 -1 176 -1 76 520 -1 726 -1 -1 -1
1018 1018 12 486 534 -1 176 -1 526 310 -1 819 -1 -1 -1
1019 1019 12 486 534 -1 176 -1 526 310 -1 819 -1 -1 -1
1020 1020 14 176 534 -1 536 -1 172 639 -1 142 -1 176 -1 -1 -1
1021 1021 14 176 534 -1 536 -1 172 639 -1 142 -1 176 -1 -1 -1
1022 1022 22 201 534 -1 432 -1 312 -1 790 310 -1 819 -1 -1 176 36 -1 0 -1 138 -1 -1 -1
1023 1023 10 486 534 -1 528 310 -1 811 -1 -1 -1
1024 1024 32 486 534 -1 296 310 -1 811 -1 615 -1 80 -1 145 810 -1 172 811 -1 297 520 -1 476 -1 645 -1 100 -1 -1 -1 -1 -1 -1
1025 1025 12 486 534 -1 172 310 -1 811 -1 677 -1 -1 -1
1026 1026 12 486 534 -1 172 310 -1 811 -1 677 -1 -1 -1
1027 1027 10 486 534 -1 528 520 -1 811 -1 -1 -1
1028 1028 14 600 534 -1 486 -1 172 310 -1 811 -1 677 -1 -1 -1
1029 1029 30 172 534 -1 503 -1 492 -1 176 -1 700 -1 331 513 811 -1 121 520 -1 -1 -1 453 360 -1 243 -1 53 -1 -1 -1 -1
1030 1030 10 76 534 -1 778 -1 53 -1 743 -1 -1
1031 1031 10 623 535 -1 33 -1 24 -1 504 -1 -1
1032 1032 10 866 540 -1 296 520 -1 811 -1 -1 -1
1033 1033 6 847 545 -1 177 -1 -1
1034 1034 12 726 545 -1 763 34 83 -1 558 -1 -1 -1 -1
1035 1035 22 570 891 84 823 -1 178 811 -1 657 427 -1 179 823 -1 402 -1 -1 -1 -1 -1 -1 -1
1036 1036 36 793 641 590 -1 219 310 -1 243 -1 558 520 -1 -1 -1 -1 167 -1 525 -1 219 689 24 -1 115 -1 -1 -1 24 -1 682 734 -1 55 -1 -1 -1
1037 1037 36 793 641 590 -1 219 310 -1 243 -1 558 520 -1 -1 -1 -1 167 -1 525 -1 219 689 24 -1 115 -1 -1 -1 24 -1 682 734 -1 55 -1 -1 -1
1038 1038 4 176 592 -1 -1
1039 1039 14 221 592 -1 176 -1 758 520 -1 811 -1 545 -1 -1 -1
1040 1040 14 602 260 819 -1 445 -1 172 520 -1 243 -1 -1 -1 -1
1041 1041 14 602 260 819 -1 445 -1 172 520 -1 243 -1 -1 -1 -1
1042 1042 20 622 176 369 99 893 -1 35 -1 734 -1 55 -1 154 310 -1 -1 -1 -1 -1 -1
1043 1043 20 486 622 -1 176 -1 330 531 823 -1 444 517 83 -1 819 -1 -1 -1 -1 -1 -1
1044 1044 6 792 623 -1 33 -1 -1
1045 1045 6 792 623 -1 33 -1 -1
1046 1046 6 792 623 -1 33 -1 -1
1047 1047 44 76 623 -1 87 -1 55 -1 0 -1 741 -1 176 -1 536 -1 556 0 -1 766 520 -1 176 -1 258 811 -1 438 24 -1 343 -1 -1 50 520 -1 0 -1 453 -1 -1 -1 -1 -1 -1
1048 1048 4 266 623 -1 -1
1049 1049 18 623 507 310 -1 501 -1 536 -1 623 -1 507 310 -1 541 -1 -1 -1 -1
1050 1050 18 156 623 623 -1 -1 440 823 -1 24 -1 623 -1 -1 864 823 -1 -1 -1
1051 1051 16 633 623 -1 274 23 -1 112 310 -1 29 -1 386 -1 -1 -1 -1
1052 1052 12 355 684 -1 536 -1 356 -1 14 823 -1 -1 -1
1053 1053 10 700 144 318 811 -1 694 -1 -1 -1 -1
1054 1054 6 172 700 -1 176 -1 -1
1055 1055 20 700 192 591 811 -1 96 520 -1 305 -1 -1 787 360 -1 243 -1 -1 -1 -1 -1
1056 1056 26 700 536 -1 172 -1 701 520 -1 143 -1 24 -1 536 -1 172 542 -1 845 -1 536 -1 701 -1 -1 -1 -1
1057 1057 6 53 707 -1 355 -1 -1
1058 1058 20 710 709 811 -1 623 -1 151 520 -1 808 -1 500 -1 -1 -1 203 310 -1 -1 -1
1059 1059 20 710 709 811 -1 623 -1 151 520 -1 808 -1 500 -1 -1 -1 203 310 -1 -1 -1
1060 1060 16 172 726 -1 76 -1 558 520 -1 693 -1 -1 558 36 -1 -1 -1
1061 1061 14 76 726 -1 172 -1 536 -1 76 623 -1 382 -1 -1 -1
1062 1062 6 76 726 -1 390 -1 -1
1063 1063 6 76 726 -1 390 -1 -1
1064 1064 8 341 734 -1 847 176 -1 -1 -1
1065 1065 8 341 734 -1 847 176 -1 -1 -1
1066 1066 16 743 81 520 -1 811 -1 103 -1 270 310 -1 277 -1 -1 -1 -1
1067 1067 16 764 22 811 -1 467 -1 555 520 -1 -1 867 823 -1 -1 -1 -1
1068 1068 10 208 773 -1 874 520 -1 811 -1 -1 -1
1069 1069 6 172 784 -1 76 -1 -1
1070 1070 4 793 623 -1 -1
1071 1071 6 827 811 -1 1 -1 -1
1072 1072 38 439 22 811 -1 558 520 -1 545 -1 -1 219 20 -1 0 -1 330 -1 -1 -1 484 -1 55 -1 783 809 -1 811 -1 219 20 -1 810 -1 693 -1 -1 -1 -1
1073 1073 38 439 22 811 -1 558 520 -1 545 -1 -1 219 20 -1 0 -1 330 -1 -1 -1 484 -1 55 -1 783 809 -1 811 -1 219 20 -1 810 -1 693 -1 -1 -1 -1
1074 1074 24 45 811 -1 730 894 20 -1 -1 823 -1 560 416 -1 -1 321 310 -1 811 -1 7 -1 -1 -1 -1
1075 1075 14 46 811 -1 129 823 -1 181 811 -1 -1 -1 20 -1 -1
1076 1076 28 2 847 811 -1 51 -1 536 -1 172 -1 848 520 -1 51 -1 -1 518 310 -1 18 -1 558 810 -1 -1 -1 -1 -1
1077 1077 20 172 811 -1 172 520 -1 -1 313 823 -1 176 385 -1 811 -1 558 -1 -1 -1 -1
1078 1078 18 172 811 -1 602 823 -1 544 -1 139 890 -1 558 -1 390 -1 -1 -1 -1
1079 1079 8 172 811 -1 650 823 -1 -1 -1
1080 1080 8 172 811 -1 650 823 -1 -1 -1
1081 1081 8 172 811 -1 770 823 -1 -1 -1
1082 1082 12 94 811 -1 177 -1 313 -1 536 -1 95 -1 -1
1083 1083 22 847 811 -1 177 -1 282 378 83 -1 811 -1 -1 76 36 -1 0 -1 176 -1 -1 -1 -1
1084 1084 12 847 811 -1 177 -1 248 310 -1 159 -1 -1 -1
1085 1085 8 139 188 811 -1 -1 390 -1 -1
1086 1086 18 142 188 811 -1 -1 390 -1 368 894 -1 219 811 -1 413 -1 -1 -1 -1
1087 1087 32 640 811 -1 217 -1 694 894 360 -1 -1 885 -1 874 558 -1 -1 222 6 -1 811 -1 623 -1 151 360 -1 40 -1 -1 -1 -1 -1
1088 1088 14 577 754 811 -1 219 -1 -1 907 -1 55 -1 522 -1 -1
1089 1089 8 222 811 -1 650 823 -1 -1 -1
1090 1090 8 222 811 -1 650 823 -1 -1 -1
1091 1091 8 222 811 -1 650 823 -1 -1 -1
1092 1092 18 811 282 339 176 296 520 -1 811 -1 -1 -1 233 16 -1 -1 -1 -1 -1
1093 1093 6 172 811 -1 365 -1 -1
1094 1094 6 172 811 -1 378 -1 -1
1095 1095 6 172 811 -1 378 -1 -1
1096 1096 14 783 811 -1 378 -1 217 310 -1 40 -1 475 -1 -1 -1
1097 1097 22 486 811 -1 396 -1 3 894 850 -1 -1 723 811 -1 494 -1 -1 899 -1 55 -1 -1 -1
1098 1098 8 256 398 811 -1 -1 355 -1 -1
1099 1099 12 420 811 -1 558 520 -1 811 -1 219 -1 -1 -1
1100 1100 8 365 811 -1 426 -1 803 -1 -1
1101 1101 14 195 811 -1 455 -1 628 520 -1 811 -1 53 -1 -1 -1
1102 1102 18 513 811 -1 455 -1 708 520 -1 -1 882 823 -1 101 62 -1 -1 -1 -1
1103 1103 12 873 811 -1 455 -1 108 823 -1 83 -1 -1 -1
1104 1104 12 457 811 -1 229 520 -1 811 -1 506 -1 -1 -1
1105 1105 14 873 811 -1 467 -1 638 520 -1 811 -1 624 -1 -1 -1
1106 1106 12 873 811 -1 467 -1 108 823 -1 83 -1 -1 -1
1107 1107 22 486 811 -1 209 520 -1 0 -1 152 894 823 -1 -1 248 -1 899 -1 55 -1 -1 -1 -1
1108 1108 10 486 811 -1 526 520 -1 811 -1 -1 -1
1109 1109 28 34 172 811 -1 493 -1 747 520 -1 811 -1 672 -1 -1 -1 899 -1 55 -1 811 -1 305 -1 558 823 -1 -1 -1
1110 1110 12 743 811 -1 494 -1 558 310 -1 811 -1 -1 -1
1111 1111 10 513 811 -1 222 520 -1 53 -1 -1 -1
1112 1112 14 513 811 -1 105 520 -1 -1 694 823 -1 636 -1 -1 -1
1113 1113 16 513 811 -1 121 520 -1 453 520 -1 811 -1 545 -1 -1 -1 -1
1114 1114 22 513 811 -1 93 520 -1 197 -1 151 -1 545 -1 92 310 -1 243 -1 378 -1 -1 -1 -1
1115 1115 28 513 811 -1 260 520 -1 -1 477 894 83 -1 -1 301 811 -1 -1 390 -1 780 687 -1 39 -1 243 -1 -1 -1 -1
1116 1116 10 513 811 -1 105 520 -1 594 -1 -1 -1
1117 1117 10 513 811 -1 105 520 -1 594 -1 -1 -1
1118 1118 16 513 811 -1 272 520 -1 627 -1 -1 282 53 574 -1 -1 -1 -1
1119 1119 16 513 811 -1 690 520 -1 453 520 -1 811 -1 545 -1 -1 -1 -1
1120 1120 12 513 811 -1 696 520 -1 -1 780 823 -1 -1 -1
1121 1121 12 513 811 -1 884 520 -1 770 823 -1 -1 -1 -1
1122 1122 46 156 539 811 -1 222 520 -1 811 -1 623 360 -1 811 -1 380 -1 -1 -1 -1 380 823 -1 76 902 -1 726 -1 -1 -1 156 895 -1 623 -1 380 823 -1 76 902 -1 726 -1 -1 -1 -1 -1
1123 1123 46 156 539 811 -1 222 520 -1 811 -1 623 360 -1 811 -1 380 -1 -1 -1 -1 380 823 -1 76 902 -1 726 -1 -1 -1 156 895 -1 623 -1 380 823 -1 76 902 -1 726 -1 -1 -1 -1 -1
1124 1124 46 156 539 811 -1 222 520 -1 811 -1 623 360 -1 811 -1 380 -1 -1 -1 -1 380 823 -1 76 902 -1 726 -1 -1 -1 156 895 -1 623 -1 380 823 -1 76 902 -1 726 -1 -1 -1 -1 -1
1125 1125 46 156 539 811 -1 222 520 -1 811 -1 623 360 -1 811 -1 380 -1 -1 -1 -1 380 823 -1 76 902 -1 726 -1 -1 -1 156 895 -1 623 -1 380 823 -1 76 902 -1 726 -1 -1 -1 -1 -1
1126 1126 44 156 539 811 -1 222 520 -1 811 -1 623 360 -1 811 -1 380 -1 -1 -1 -1 380 823 -1 623 902 -1 726 -1 78 -1 -1 -1 156 380 823 -1 76 902 -1 726 -1 -1 -1 -1 -1
1127 1127 44 156 539 811 -1 222 520 -1 811 -1 623 360 -1 811 -1 380 -1 -1 -1 -1 380 823 -1 623 902 -1 726 -1 78 -1 -1 -1 156 380 823 -1 76 902 -1 726 -1 -1 -1 -1 -1
1128 1128 18 76 527 811 -1 542 -1 172 -1 663 902 -1 811 -1 693 -1 -1 -1 -1
1129 1129 10 172 811 -1 684 -1 149 823 -1 -1 -1
1130 1130 14 176 811 -1 718 -1 868 248 62 -1 497 -1 -1 -1 -1
1131 1131 12 726 811 -1 545 520 -1 811 -1 202 -1 -1 -1
1132 1132 12 726 811 -1 172 520 -1 811 -1 545 -1 -1 -1
1133 1133 12 743 811 -1 569 520 -1 811 -1 285 -1 -1 -1
1134 1134 24 743 811 -1 900 520 -1 811 -1 -1 219 310 -1 243 -1 172 520 -1 811 -1 558 -1 -1 -1 -1
1135 1135 14 208 811 -1 773 -1 229 520 -1 811 -1 506 -1 -1 -1
1136 1136 18 208 811 -1 773 -1 229 520 -1 811 -1 506 -1 -1 843 58 -1 -1 -1
1137 1137 22 783 811 -1 900 520 -1 811 -1 748 -1 -1 219 310 -1 243 -1 558 520 -1 -1 -1 -1
1138 1138 26 783 811 -1 900 520 -1 811 -1 748 -1 -1 219 310 -1 243 -1 172 520 -1 811 -1 558 -1 -1 -1 -1
1139 1139 26 783 811 -1 900 520 -1 811 -1 748 -1 -1 219 310 -1 243 -1 172 520 -1 811 -1 558 -1 -1 -1 -1
1140 1140 10 807 811 -1 607 823 -1 55 -1 -1 -1
1141 1141 28 263 513 811 -1 830 -1 93 520 -1 197 -1 151 -1 545 -1 -1 -1 899 -1 55 -1 196 823 -1 303 -1 -1 -1
1142 1142 18 847 811 -1 247 520 -1 23 -1 -1 172 360 -1 811 -1 672 -1 -1 -1
1143 1143 16 847 811 -1 247 520 -1 -1 172 360 -1 811 -1 672 -1 -1 -1
1144 1144 16 847 811 -1 248 520 -1 623 310 -1 811 -1 677 -1 -1 -1 -1
1145 1145 18 847 811 -1 248 520 -1 811 -1 172 520 -1 811 -1 672 -1 -1 -1 -1
1146 1146 18 847 811 -1 248 520 -1 811 -1 172 520 -1 811 -1 672 -1 -1 -1 -1
1147 1147 10 847 811 -1 545 520 -1 811 -1 -1 -1
1148 1148 12 847 811 -1 176 520 -1 811 -1 545 -1 -1 -1
1149 1149 16 886 811 -1 859 -1 151 310 -1 76 902 -1 726 -1 -1 -1 -1
1150 1150 24 68 863 811 -1 -1 638 522 -1 811 -1 874 520 -1 634 -1 -1 -1 324 823 -1 76 -1 -1 -1
1151 1151 12 838 219 811 -1 897 -1 -1 390 -1 740 -1 -1
1152 1152 42 401 172 855 -1 536 -1 176 -1 378 62 -1 142 -1 -1 -1 605 -1 138 353 -1 391 -1 390 -1 24 -1 9 238 142 -1 501 -1 378 -1 -1 899 -1 55 -1 -1 -1 -1
1153 1153 8 172 536 -1 700 -1 172 -1 -1
1154 1154 20 249 890 -1 38 139 -1 11 -1 -1 465 -1 55 -1 334 360 -1 811 -1 -1 -1
1155 1155 30 324 890 -1 321 139 -1 808 -1 -1 456 -1 335 292 -1 761 810 -1 33 -1 421 -1 728 522 -1 378 -1 -1 -1 -1 -1
1156 1156 44 725 890 -1 139 823 -1 458 391 -1 590 890 -1 868 874 811 -1 70 39 -1 811 -1 90 520 -1 12 -1 590 -1 -1 -1 -1 33 -1 90 83 -1 67 -1 -1 -1 -1 -1 -1 -1
1157 1157 16 254 893 -1 48 -1 390 -1 819 310 -1 -1 435 895 -1 -1 -1
1158 1158 12 226 893 -1 529 -1 734 -1 55 -1 795 -1 -1
1159 1159 16 893 237 811 -1 536 -1 74 -1 45 811 -1 652 -1 -1 -1 -1
1160 1160 12 129 893 -1 823 -1 437 811 -1 320 -1 -1 -1
1161 1161 10 227 893 -1 823 -1 373 726 -1 -1 -1
1162 1162 18 253 893 -1 823 -1 536 -1 225 -1 125 -1 704 360 -1 811 -1 -1 -1
1163 1163 10 253 893 -1 823 -1 584 753 -1 -1 -1
1164 1164 14 280 893 -1 823 -1 471 493 -1 -1 110 385 -1 -1 -1
1165 1165 20 361 893 -1 823 -1 219 53 -1 365 360 -1 306 -1 623 520 -1 -1 -1 -1 -1
1166 1166 30 893 823 409 508 696 -1 46 20 -1 811 -1 232 -1 612 -1 -1 800 58 -1 612 811 -1 232 -1 -1 -1 -1 -1 -1 -1
1167 1167 18 625 893 -1 823 -1 142 385 -1 142 -1 558 -1 -1 874 228 -1 -1 -1
1168 1168 28 658 893 -1 823 -1 623 264 891 -1 104 0 -1 695 -1 -1 523 105 520 -1 811 -1 801 -1 -1 -1 -1 -1 -1
1169 1169 18 665 893 -1 823 -1 874 355 -1 -1 76 823 -1 55 -1 903 -1 -1 -1
1170 1170 28 676 893 -1 823 -1 545 811 -1 413 -1 172 360 -1 811 -1 545 -1 -1 536 -1 172 811 -1 320 -1 -1 -1 -1
1171 1171 22 676 893 -1 823 -1 776 811 -1 413 -1 -1 10 360 -1 545 823 -1 811 -1 -1 -1 -1
1172 1172 14 725 893 -1 823 -1 558 811 -1 -1 441 823 -1 -1 -1
1173 1173 18 893 735 823 -1 160 811 -1 904 -1 -1 678 58 -1 813 -1 -1 -1 -1
1174 1174 22 867 893 -1 823 -1 301 23 -1 28 -1 17 -1 -1 234 890 -1 355 23 -1 -1 -1 -1
1175 1175 14 867 893 -1 823 -1 17 28 -1 -1 667 890 -1 -1 -1
1176 1176 24 872 893 -1 823 -1 537 811 -1 24 -1 638 -1 370 520 -1 759 -1 623 360 -1 -1 -1 -1 -1
1177 1177 10 46 894 -1 397 823 -1 20 -1 -1 -1
1178 1178 20 638 897 -1 731 -1 315 36 -1 0 -1 176 -1 897 520 -1 811 -1 -1 -1 -1
1179 1179 34 660 905 169 810 -1 889 -1 544 -1 423 56 520 -1 -1 811 -1 561 -1 558 -1 -1 -1 -1 899 -1 55 -1 96 902 -1 819 -1 -1 -1
1180 1180 14 172 35 520 -1 406 -1 414 310 -1 51 -1 -1 -1 -1
1181 1181 14 76 33 894 -1 388 823 -1 55 -1 620 -1 -1 -1 -1
1182 1182 14 172 847 520 -1 811 -1 693 -1 -1 623 36 -1 -1 -1
1183 1183 14 172 847 520 -1 811 -1 693 -1 -1 623 36 -1 -1 -1
1184 1184 16 172 370 902 -1 756 537 360 -1 689 -1 443 -1 -1 -1 -1 -1
1185 1185 18 838 353 -1 623 139 -1 -1 390 -1 453 36 -1 0 -1 759 -1 -1 -1
1186 1186 18 135 353 -1 623 139 -1 -1 390 -1 24 -1 836 -1 481 58 -1 -1 -1
1187 1187 18 788 893 -1 823 -1 623 -1 623 319 -1 881 -1 879 -1 -1 878 -1 -1
1188 1188 14 46 575 894 20 -1 -1 823 -1 652 811 -1 -1 -1 -1
1189 1189 14 176 46 811 -1 509 810 -1 734 -1 55 -1 -1 -1 -1
1190 1190 16 46 23 -1 176 -1 811 -1 129 823 -1 612 811 -1 -1 -1 -1
1191 1191 10 46 131 894 20 -1 -1 823 -1 -1 -1
1192 1192 60 176 172 353 -1 46 -1 390 -1 0 -1 142 -1 622 520 -1 -1 -1 137 391 -1 390 -1 205 53 0 -1 452 520 -1 24 -1 46 -1 -1 -1 45 811 -1 -1 172 360 -1 129 894 550 -1 -1 823 -1 505 0 -1 453 -1 -1 -1 -1 -1 -1 -1
1193 1193 52 137 622 353 -1 46 -1 390 -1 0 -1 176 378 811 -1 -1 -1 -1 390 -1 205 53 0 -1 172 520 -1 24 -1 46 -1 -1 -1 364 811 -1 46 -1 129 894 550 -1 -1 823 -1 510 172 -1 -1 -1 -1 -1 -1
1194 1194 58 137 76 353 -1 46 -1 390 -1 623 -1 -1 378 811 -1 -1 390 -1 130 172 0 -1 24 -1 505 0 -1 741 -1 172 -1 -1 -1 390 -1 725 550 -1 811 -1 259 -1 874 520 -1 -1 350 360 -1 811 -1 172 -1 -1 242 -1 -1 -1 -1
1195 1195 22 666 505 505 -1 172 -1 558 -1 558 -1 623 -1 -1 558 172 -1 76 -1 558 -1 -1 -1
1196 1196 12 76 484 -1 55 -1 360 -1 811 -1 638 -1 -1
1197 1197 8 222 811 -1 650 823 -1 -1 -1
1198 1198 12 76 484 -1 55 -1 360 -1 811 -1 638 -1 -1
1199 1199 8 222 811 -1 650 823 -1 -1 -1
1200 1200 18 172 0 -1 700 -1 176 -1 369 46 811 -1 316 823 -1 -1 -1 -1 -1
1201 1201 12 176 23 -1 536 -1 623 0 -1 700 -1 -1 -1
1202 1202 10 513 811 -1 222 520 -1 53 -1 -1 -1
1203 1203 14 172 91 894 902 -1 -1 823 -1 378 811 -1 -1 -1 -1
1204 1204 44 172 0 -1 142 -1 171 -1 60 -1 743 902 -1 451 219 811 -1 413 -1 797 520 -1 -1 521 23 -1 9 823 -1 55 -1 172 823 -1 811 -1 509 -1 -1 -1 -1 -1 -1 -1 -1
1205 1205 24 172 0 -1 142 -1 171 -1 743 902 -1 451 219 811 -1 92 -1 558 520 -1 -1 -1 -1 -1 -1
1206 1206 46 847 484 -1 55 -1 811 -1 693 -1 558 36 -1 -1 847 856 -1 558 -1 390 -1 0 -1 626 -1 868 894 360 -1 -1 847 88 -1 0 -1 212 -1 626 -1 -1 456 -1 55 -1 -1 -1 -1
1207 1207 14 172 0 -1 176 520 -1 -1 128 894 -1 390 -1 -1 -1
1208 1208 10 172 0 -1 176 520 -1 847 -1 -1 -1
1209 1209 12 176 0 -1 623 -1 536 -1 517 623 -1 -1 -1
1210 1210 26 611 120 819 -1 -1 352 811 -1 759 -1 380 810 -1 33 -1 434 823 -1 811 -1 250 -1 -1 -1 -1 -1
1211 1211 18 365 46 520 -1 -1 93 310 -1 172 360 -1 811 -1 378 -1 -1 -1 -1
1212 1212 18 365 46 520 -1 -1 93 310 -1 172 360 -1 811 -1 378 -1 -1 -1 -1
1213 1213 6 176 23 -1 534 -1 -1
1214 1214 16 513 93 520 -1 118 -1 355 310 -1 811 -1 184 -1 -1 -1 -1
1215 1215 30 99 353 -1 848 139 -1 76 -1 720 520 -1 -1 -1 33 -1 36 888 -1 405 362 -1 811 -1 211 520 -1 -1 -1 -1 -1
1216 1216 40 725 353 -1 139 823 -1 271 310 -1 -1 433 172 0 -1 518 520 -1 -1 -1 899 -1 693 811 -1 -1 341 353 -1 818 -1 743 811 -1 693 -1 -1 -1 -1 -1 -1
1217 1217 4 172 0 -1 -1
1218 1218 12 76 726 484 -1 55 -1 176 -1 -1 390 -1 -1
1219 1219 20 172 0 -1 534 -1 874 520 -1 188 -1 295 310 -1 811 -1 164 -1 -1 -1 -1
1220 1220 30 176 0 -1 766 650 347 -1 823 -1 33 353 -1 815 -1 260 480 -1 -1 689 360 -1 0 -1 741 -1 -1 -1 -1 -1 -1
1221 1221 16 792 167 -1 623 -1 33 -1 623 902 -1 188 811 -1 -1 -1 -1
1222 1222 22 176 0 -1 766 123 347 -1 823 -1 673 250 -1 261 310 -1 243 -1 -1 -1 -1 -1 -1
1223 1223 16 792 167 -1 623 -1 33 -1 623 902 -1 188 811 -1 -1 -1 -1
1224 1224 10 172 0 -1 176 520 -1 847 -1 -1 -1
1225 1225 16 405 0 -1 172 -1 446 -1 290 -1 623 823 -1 874 -1 -1 -1
1226 1226 8 172 518 310 -1 168 -1 -1 -1
1227 1227 18 488 172 -1 446 -1 104 -1 518 76 -1 322 823 -1 104 -1 -1 -1 -1
1228 1228 20 172 811 -1 602 823 -1 544 -1 139 353 -1 133 811 -1 -1 390 -1 -1 -1 -1
1229 1229 4 172 0 -1 -1
1230 1230 12 341 484 -1 142 639 -1 536 -1 344 -1 -1 -1
1231 1231 58 513 513 172 0 -1 661 177 42 -1 76 902 -1 726 -1 513 891 -1 623 -1 390 -1 811 -1 623 520 -1 42 -1 109 -1 -1 -1 -1 -1 -1 -1 390 -1 811 -1 317 520 -1 24 -1 623 -1 -1 -1 390 -1 811 -1 93 520 -1 -1 -1
1232 1232 14 874 248 -1 734 -1 55 -1 176 -1 76 360 -1 -1 -1
1233 1233 12 94 811 -1 177 -1 313 -1 536 -1 95 -1 -1
1234 1234 16 523 0 -1 176 -1 76 520 -1 623 -1 536 -1 623 -1 -1 -1
1235 1235 16 523 0 -1 176 -1 76 520 -1 623 -1 536 -1 623 -1 -1 -1
1236 1236 16 523 0 -1 176 -1 76 520 -1 623 -1 536 -1 623 -1 -1 -1
1237 1237 16 523 0 -1 176 -1 76 520 -1 623 -1 536 -1 623 -1 -1 -1
1238 1238 16 523 0 -1 176 -1 76 520 -1 623 -1 536 -1 623 -1 -1 -1
1239 1239 4 176 0 -1 -1
1240 1240 6 792 623 -1 33 -1 -1
1241 1241 4 176 0 -1 -1
1242 1242 6 792 623 -1 33 -1 -1
1243 1243 10 176 23 -1 534 -1 623 319 -1 -1 -1
1244 1244 10 176 23 -1 534 -1 623 319 -1 -1 -1
1245 1245 22 513 811 -1 93 520 -1 197 -1 151 -1 545 -1 92 310 -1 243 -1 378 -1 -1 -1 -1
1246 1246 22 201 534 -1 432 -1 312 -1 790 310 -1 819 -1 -1 176 36 -1 0 -1 138 -1 -1 -1
1247 1247 16 486 811 -1 209 -1 867 823 -1 146 360 -1 811 -1 -1 -1 -1
1248 1248 32 176 23 -1 536 -1 172 -1 176 520 -1 142 -1 766 640 811 -1 217 -1 -1 867 823 -1 151 310 -1 216 -1 -1 -1 -1 -1 -1
1249 1249 28 176 87 -1 55 -1 0 -1 741 -1 765 823 -1 873 811 -1 693 -1 222 310 -1 18 -1 760 -1 -1 -1 -1 -1
1250 1250 26 176 23 -1 536 -1 172 -1 176 520 -1 -1 338 810 -1 189 420 -1 142 -1 142 823 -1 -1 -1 -1 -1
1251 1251 16 172 0 -1 176 520 -1 -1 338 810 -1 682 420 -1 -1 -1 -1
1252 1252 6 76 484 -1 55 -1 -1
1253 1253 14 783 811 -1 558 -1 217 310 -1 40 -1 475 -1 -1 -1
1254 1254 4 172 0 -1 -1
1255 1255 4 171 142 -1 -1
1256 1256 16 176 523 484 -1 55 -1 848 520 -1 811 -1 309 -1 -1 -1 -1
1257 1257 14 662 726 811 -1 172 520 -1 811 -1 545 -1 -1 -1 -1
1258 1258 6 176 142 62 -1 -1 -1
1259 1259 26 315 558 520 -1 811 -1 -1 237 823 -1 835 310 -1 811 -1 424 -1 380 520 -1 811 -1 -1 -1 -1 -1
1260 1260 6 176 142 62 -1 -1 -1
1261 1261 26 315 558 520 -1 811 -1 -1 237 823 -1 835 310 -1 811 -1 424 -1 380 520 -1 811 -1 -1 -1 -1 -1
1262 1262 10 240 176 -1 172 520 -1 677 -1 -1 -1
1263 1263 4 847 172 -1 -1
1264 1264 14 240 867 823 -1 172 310 -1 811 -1 677 -1 -1 -1 -1
1265 1265 10 847 484 -1 55 -1 0 -1 176 -1 -1
1266 1266 10 847 811 -1 177 -1 608 823 -1 -1 -1
1267 1267 34 172 0 -1 536 -1 172 76 -1 -1 172 520 -1 857 243 894 520 -1 -1 -1 899 -1 55 -1 219 20 -1 812 -1 305 -1 -1 -1 -1 -1
1268 1268 2 172 -1
1269 1269 16 176 0 -1 369 98 811 -1 185 310 -1 852 -1 -1 -1 -1 -1
1270 1270 6 449 23 -1 176 -1 -1
1271 1271 18 76 0 -1 700 -1 558 811 -1 614 520 -1 811 -1 558 -1 -1 -1 -1
1272 1272 6 176 23 -1 534 -1 -1
1273 1273 26 76 867 353 -1 139 -1 865 0 -1 750 82 -1 499 -1 -1 586 520 -1 811 -1 102 -1 -1 -1 -1 -1
1274 1274 22 172 298 520 -1 536 -1 573 -1 571 520 -1 296 -1 144 646 164 -1 -1 -1 -1 -1 -1
1275 1275 34 300 588 69 549 -1 811 -1 378 520 -1 811 -1 -1 -1 -1 33 -1 469 4 823 -1 -1 811 -1 330 -1 523 -1 623 520 -1 -1 -1 -1
1276 1276 18 176 221 811 -1 758 520 -1 811 -1 545 -1 -1 -1 242 350 -1 -1 -1
1277 1277 16 513 811 -1 302 520 -1 545 -1 -1 151 360 -1 811 -1 -1 -1
1278 1278 14 172 0 -1 142 -1 171 -1 76 520 -1 726 -1 -1 -1
1279 1279 4 172 0 -1 -1
1280 1280 14 341 484 -1 847 811 -1 693 -1 558 36 -1 -1 -1 -1
1281 1281 8 172 23 -1 176 -1 700 -1 -1
1282 1282 12 513 811 -1 696 520 -1 -1 780 823 -1 -1 -1
1283 1283 6 139 176 -1 188 -1 -1
1284 1284 24 353 606 139 -1 172 811 -1 378 -1 49 -1 24 -1 676 172 811 -1 681 -1 -1 -1 -1 -1 -1
1285 1285 6 139 176 -1 188 -1 -1
1286 1286 24 353 606 139 -1 172 811 -1 378 -1 49 -1 24 -1 676 172 811 -1 681 -1 -1 -1 -1 -1 -1
1287 1287 10 172 0 -1 144 720 349 -1 -1 -1 -1
1288 1288 26 172 142 -1 171 -1 76 520 -1 726 -1 536 -1 172 142 -1 171 -1 -1 76 520 -1 726 -1 -1 -1 -1
1289 1289 26 172 142 -1 171 -1 76 520 -1 726 -1 536 -1 172 142 -1 171 -1 -1 76 520 -1 726 -1 -1 -1 -1
1290 1290 26 172 142 -1 171 -1 76 520 -1 726 -1 536 -1 172 142 -1 171 -1 -1 76 520 -1 726 -1 -1 -1 -1
1291 1291 6 53 305 -1 355 -1 -1
1292 1292 30 469 357 -1 436 246 -1 142 -1 142 -1 428 550 -1 378 -1 760 -1 -1 575 823 -1 566 811 -1 314 -1 -1 -1 -1 -1
1293 1293 12 353 139 776 698 -1 533 -1 -1 825 -1 -1 -1
1294 1294 4 172 0 -1 -1
1295 1295 4 172 365 -1 -1
1296 1296 16 176 523 484 -1 55 -1 848 520 -1 811 -1 309 -1 -1 -1 -1
1297 1297 10 172 0 -1 518 520 -1 172 -1 -1 -1
1298 1298 4 172 0 -1 -1
1299 1299 6 172 639 -1 623 -1 -1
1300 1300 4 172 0 -1 -1
1301 1301 16 176 523 484 -1 55 -1 848 520 -1 811 -1 309 -1 -1 -1 -1
1302 1302 6 76 726 -1 390 -1 -1
1303 1303 4 172 0 -1 -1
1304 1304 30 172 0 -1 76 520 -1 726 -1 312 222 896 -1 376 -1 142 476 -1 -1 -1 452 76 520 -1 743 -1 -1 -1 -1 -1 -1
1305 1305 16 176 523 484 -1 55 -1 848 520 -1 811 -1 309 -1 -1 -1 -1
1306 1306 4 172 0 -1 -1
1307 1307 16 176 523 484 -1 55 -1 848 520 -1 811 -1 309 -1 -1 -1 -1
1308 1308 20 172 0 -1 142 -1 171 -1 313 520 -1 811 -1 763 558 83 -1 -1 -1 -1 -1
1309 1309 8 172 0 -1 142 -1 171 -1 -1
1310 1310 10 176 484 -1 55 -1 520 -1 847 -1 -1
1311 1311 20 172 0 -1 142 -1 171 -1 313 520 -1 811 -1 763 558 83 -1 -1 -1 -1 -1
1312 1312 4 172 0 -1 -1
1313 1313 4 172 0 -1 -1
1314 1314 6 172 0 -1 176 -1 -1
1315 1315 16 176 523 484 -1 55 -1 848 520 -1 811 -1 309 -1 -1 -1 -1
1316 1316 10 172 0 -1 176 520 -1 847 -1 -1 -1
1317 1317 10 172 0 -1 176 520 -1 847 -1 -1 -1
1318 1318 24 76 172 -1 144 420 811 -1 172 -1 392 310 -1 243 -1 53 -1 -1 -1 -1 558 360 -1 -1 -1
1319 1319 28 172 0 -1 420 902 -1 811 -1 693 -1 -1 558 36 -1 518 520 -1 172 -1 176 902 -1 847 -1 -1 -1 -1 -1
1320 1320 20 558 811 -1 455 -1 700 -1 243 310 -1 172 520 -1 811 -1 378 -1 -1 -1 -1
1321 1321 8 341 734 -1 847 176 -1 -1 -1
1322 1322 8 172 811 -1 650 823 -1 -1 -1
1323 1323 8 341 734 -1 847 176 -1 -1 -1
1324 1324 8 172 811 -1 650 823 -1 -1 -1
1325 1325 8 172 172 520 -1 583 -1 -1 -1
1326 1326 12 172 0 -1 76 520 -1 378 -1 172 -1 -1 -1
1327 1327 10 172 0 -1 176 520 -1 847 -1 -1 -1
1328 1328 10 523 0 -1 176 -1 623 520 -1 -1 -1
1329 1329 8 623 462 792 -1 -1 33 -1 -1
1330 1330 10 537 176 -1 384 520 -1 769 -1 -1 -1
1331 1331 14 176 622 -1 536 -1 172 -1 176 520 -1 847 -1 -1 -1
1332 1332 16 893 237 811 -1 536 -1 74 -1 45 811 -1 652 -1 -1 -1 -1
1333 1333 16 675 353 -1 139 -1 222 651 -1 142 902 -1 420 -1 -1 -1 -1
1334 1334 4 172 403 -1 -1
1335 1335 32 172 0 -1 176 520 -1 142 -1 -1 766 897 811 -1 24 -1 342 -1 900 520 -1 811 -1 142 -1 171 -1 151 -1 -1 -1 -1 -1
1336 1336 36 176 23 -1 536 -1 172 -1 176 520 -1 142 -1 766 342 811 -1 24 -1 897 -1 900 520 -1 811 -1 142 -1 171 -1 151 -1 -1 -1 -1 -1 -1
1337 1337 28 176 87 -1 55 -1 0 -1 741 -1 765 823 -1 873 811 -1 693 -1 222 310 -1 18 -1 760 -1 -1 -1 -1 -1
1338 1338 14 176 0 -1 854 -1 351 290 811 -1 378 -1 -1 -1 -1
1339 1339 20 176 23 -1 536 -1 172 -1 176 520 -1 -1 338 810 -1 142 420 -1 -1 -1 -1
1340 1340 24 743 811 -1 900 520 -1 811 -1 -1 219 310 -1 243 -1 172 520 -1 811 -1 558 -1 -1 -1 -1
1341 1341 8 286 176 -1 409 -1 656 -1 -1
1342 1342 12 513 802 520 -1 654 -1 271 574 -1 -1 -1 -1
1343 1343 40 743 819 -1 390 -1 811 -1 219 520 -1 811 -1 413 -1 411 520 -1 811 -1 24 -1 518 431 -1 172 -1 -1 -1 -1 341 849 -1 817 -1 76 726 -1 -1 -1 -1
1344 1344 40 618 172 0 -1 536 -1 873 622 -1 536 -1 172 485 -1 171 -1 -1 -1 412 520 -1 847 -1 558 -1 -1 -1 76 811 -1 640 -1 559 -1 -1 694 823 -1 -1 -1
1345 1345 12 682 172 176 -1 874 18 -1 395 -1 -1 -1 -1
1346 1346 18 768 0 -1 76 -1 176 -1 174 -1 429 -1 442 -1 459 -1 702 -1 -1
1347 1347 2 176 -1
1348 1348 14 149 893 -1 823 -1 378 811 -1 -1 441 823 -1 -1 -1
1349 1349 10 172 0 -1 631 596 -1 -1 176 -1 -1
1350 1350 4 172 0 -1 -1
1351 1351 12 176 484 -1 55 -1 76 902 -1 726 -1 -1 -1
1352 1352 6 176 23 -1 534 -1 -1
1353 1353 26 513 176 -1 455 -1 781 520 -1 834 -1 -1 187 902 -1 501 -1 463 360 -1 811 -1 330 -1 -1 -1 -1
1354 1354 8 176 622 -1 536 -1 172 -1 -1
1355 1355 2 176 -1
1356 1356 22 172 0 -1 536 -1 873 622 -1 -1 558 520 -1 847 -1 75 558 902 -1 -1 -1 -1 -1
1357 1357 12 457 811 -1 229 520 -1 811 -1 506 -1 -1 -1
1358 1358 4 176 0 -1 -1
1359 1359 16 558 847 520 -1 811 -1 614 -1 460 -1 -1 183 823 -1 -1 -1
1360 1360 10 172 0 -1 176 520 -1 847 -1 -1 -1
1361 1361 8 176 622 -1 536 -1 172 -1 -1
1362 1362 20 172 0 -1 142 -1 171 -1 536 -1 873 622 -1 -1 558 520 -1 847 -1 -1 -1
1363 1363 12 76 486 0 -1 528 310 -1 819 -1 -1 -1 -1
1364 1364 12 76 486 0 -1 528 310 -1 819 -1 -1 -1 -1
1365 1365 12 76 486 0 -1 528 310 -1 819 -1 -1 -1 -1
1366 1366 12 486 0 -1 76 310 -1 811 -1 528 -1 -1 -1
1367 1367 12 486 0 -1 76 310 -1 811 -1 528 -1 -1 -1
1368 1368 4 176 534 -1 -1
1369 1369 12 486 811 -1 172 520 -1 811 -1 545 -1 -1 -1
1370 1370 16 189 486 0 -1 528 310 -1 819 -1 -1 -1 623 823 -1 -1 -1
1371 1371 12 486 0 -1 76 310 -1 811 -1 528 -1 -1 -1
1372 1372 12 486 0 -1 76 310 -1 811 -1 528 -1 -1 -1
1373 1373 12 486 0 -1 76 310 -1 811 -1 528 -1 -1 -1
1374 1374 12 76 486 0 -1 528 310 -1 819 -1 -1 -1 -1
1375 1375 12 486 0 -1 76 310 -1 811 -1 528 -1 -1 -1
1376 1376 12 486 0 -1 76 310 -1 811 -1 528 -1 -1 -1
1377 1377 12 76 486 0 -1 528 310 -1 819 -1 -1 -1 -1
1378 1378 12 486 0 -1 76 310 -1 811 -1 528 -1 -1 -1
1379 1379 12 486 329 823 -1 719 823 -1 811 -1 -1 -1 -1
1380 1380 14 486 23 -1 534 -1 176 414 310 -1 811 -1 -1 -1 -1
1381 1381 12 486 0 -1 76 310 -1 811 -1 528 -1 -1 -1
1382 1382 12 486 0 -1 76 310 -1 811 -1 528 -1 -1 -1
1383 1383 20 486 622 -1 176 -1 330 531 823 -1 444 517 83 -1 819 -1 -1 -1 -1 -1 -1
1384 1384 12 486 0 -1 76 310 -1 811 -1 528 -1 -1 -1
1385 1385 18 601 176 622 -1 -1 531 823 -1 162 321 83 -1 819 -1 -1 -1 -1 -1
1386 1386 12 486 0 -1 76 310 -1 811 -1 528 -1 -1 -1
1387 1387 12 486 0 -1 76 310 -1 811 -1 528 -1 -1 -1
1388 1388 12 486 0 -1 76 310 -1 811 -1 528 -1 -1 -1
1389 1389 12 486 0 -1 76 310 -1 811 -1 528 -1 -1 -1
1390 1390 12 486 0 -1 76 310 -1 811 -1 528 -1 -1 -1
1391 1391 12 486 0 -1 76 310 -1 811 -1 528 -1 -1 -1
1392 1392 12 76 486 0 -1 528 310 -1 819 -1 -1 -1 -1
1393 1393 12 76 486 0 -1 528 310 -1 819 -1 -1 -1 -1
1394 1394 12 486 0 -1 76 310 -1 811 -1 528 -1 -1 -1
1395 1395 12 486 0 -1 76 310 -1 811 -1 528 -1 -1 -1
1396 1396 12 486 0 -1 76 310 -1 811 -1 528 -1 -1 -1
1397 1397 12 486 0 -1 76 310 -1 811 -1 528 -1 -1 -1
1398 1398 12 486 0 -1 76 310 -1 811 -1 528 -1 -1 -1
1399 1399 12 486 0 -1 76 310 -1 811 -1 528 -1 -1 -1
1400 1400 12 486 0 -1 76 310 -1 811 -1 528 -1 -1 -1
1401 1401 12 486 534 -1 172 310 -1 811 -1 677 -1 -1 -1
1402 1402 10 486 534 -1 528 310 -1 811 -1 -1 -1
1403 1403 10 486 534 -1 528 310 -1 811 -1 -1 -1
1404 1404 10 486 534 -1 528 310 -1 811 -1 -1 -1
1405 1405 12 486 0 -1 76 310 -1 811 -1 528 -1 -1 -1
1406 1406 20 868 486 -1 704 823 -1 529 811 -1 129 810 -1 472 811 -1 -1 -1 -1 -1 -1
1407 1407 12 486 0 -1 76 310 -1 811 -1 528 -1 -1 -1
1408 1408 12 486 0 -1 76 310 -1 811 -1 528 -1 -1 -1
1409 1409 12 486 0 -1 76 310 -1 811 -1 528 -1 -1 -1
1410 1410 12 486 0 -1 76 310 -1 811 -1 528 -1 -1 -1
1411 1411 12 486 0 -1 76 310 -1 811 -1 528 -1 -1 -1
1412 1412 10 486 534 -1 526 310 -1 811 -1 -1 -1
1413 1413 12 486 0 -1 76 310 -1 811 -1 528 -1 -1 -1
1414 1414 6 486 811 -1 526 -1 -1
1415 1415 12 486 0 -1 76 310 -1 811 -1 528 -1 -1 -1
1416 1416 12 486 0 -1 76 310 -1 811 -1 528 -1 -1 -1
1417 1417 18 486 0 -1 526 310 -1 811 -1 163 810 -1 908 811 -1 -1 -1 -1 -1
1418 1418 10 486 0 -1 528 310 -1 811 -1 -1 -1
1419 1419 4 176 534 -1 -1
1420 1420 72 504 874 -1 87 -1 55 -1 161 176 23 -1 536 -1 172 -1 568 520 -1 176 -1 176 23 -1 -1 -1 -1 899 -1 498 -1 176 861 -1 823 -1 810 -1 -1 24 -1 568 172 0 -1 176 520 -1 -1 -1 -1 -1 161 899 -1 498 874 310 -1 811 -1 763 -1 172 360 -1 811 -1 -1 -1 -1 -1 -1
1421 1421 30 172 534 -1 503 -1 492 -1 176 -1 700 -1 331 513 811 -1 121 520 -1 -1 -1 453 360 -1 811 -1 672 -1 -1 -1 -1
1422 1422 20 176 503 -1 492 -1 513 811 -1 79 520 -1 544 -1 520 -1 880 -1 -1 -1 -1
1423 1423 4 176 23 -1 -1
1424 1424 14 513 811 -1 105 520 -1 -1 694 823 -1 636 -1 -1 -1
1425 1425 4 172 0 -1 -1
1426 1426 16 176 523 484 -1 55 -1 848 520 -1 811 -1 309 -1 -1 -1 -1
1427 1427 8 700 23 -1 534 -1 176 -1 -1
1428 1428 12 368 743 811 -1 546 520 -1 811 -1 -1 -1 -1
1429 1429 8 513 820 520 -1 557 -1 -1 -1
1430 1430 12 774 513 724 520 -1 906 -1 -1 -1 823 -1 -1
1431 1431 38 172 0 -1 142 -1 171 -1 176 -1 76 520 -1 726 -1 144 428 811 -1 910 -1 909 -1 91 520 -1 811 -1 900 520 -1 243 -1 -1 -1 -1 -1 -1 -1
1432 1432 10 172 0 -1 176 520 -1 847 -1 -1 -1
1433 1433 34 371 874 792 -1 -1 33 -1 623 -1 142 -1 512 -1 24 -1 513 29 -1 592 -1 644 -1 911 505 811 -1 155 -1 552 -1 -1 -1 -1 -1
1434 1434 16 76 847 811 -1 763 -1 545 -1 528 520 -1 811 -1 -1 -1 -1
1435 1435 16 172 142 -1 171 -1 176 -1 726 310 -1 811 -1 545 -1 -1 -1
1436 1436 30 176 353 139 265 391 -1 23 -1 558 310 -1 -1 519 823 -1 55 -1 296 83 -1 23 -1 278 -1 -1 -1 -1 -1 -1 -1
1437 1437 74 353 139 341 545 811 -1 -1 899 -1 554 46 395 -1 290 -1 -1 558 823 -1 421 269 -1 353 -1 513 811 -1 826 520 -1 854 -1 880 360 -1 811 -1 -1 -1 -1 390 -1 558 809 -1 672 172 360 -1 0 -1 76 520 -1 726 -1 -1 -1 -1 -1 653 743 520 -1 880 -1 -1 -1 -1 -1 -1 -1 -1 -1
1438 1438 8 176 0 -1 623 319 -1 -1 -1
1439 1439 4 623 176 -1 -1
1440 1440 34 172 176 520 -1 142 -1 -1 913 445 347 -1 -1 8 823 -1 774 39 -1 811 -1 -1 24 -1 257 142 520 -1 218 -1 -1 -1 -1 -1 -1
1441 1441 8 523 76 520 -1 623 -1 -1 -1
1442 1442 8 623 0 -1 176 -1 246 -1 -1
1443 1443 8 176 0 -1 623 319 -1 -1 -1
1444 1444 20 76 513 811 -1 394 520 -1 19 691 823 -1 557 360 -1 -1 -1 -1 -1 -1 -1
1445 1445 6 139 188 83 -1 -1 -1
1446 1446 10 575 893 -1 823 -1 581 564 -1 -1 -1
1447 1447 10 570 176 -1 224 823 -1 0 -1 -1 -1
1448 1448 16 486 176 -1 224 520 -1 811 -1 -1 162 823 -1 55 -1 -1 -1
1449 1449 6 176 570 0 -1 -1 -1
1450 1450 26 176 23 -1 766 513 811 -1 54 520 -1 290 -1 -1 -1 599 823 -1 359 310 -1 576 -1 -1 -1 -1 -1
1451 1451 32 614 23 -1 623 -1 172 902 -1 811 -1 76 -1 623 520 -1 -1 868 610 83 -1 811 -1 334 520 -1 811 -1 -1 -1 -1 -1 -1
1452 1452 42 204 353 -1 558 139 -1 867 -1 24 -1 558 -1 638 310 -1 811 -1 558 520 -1 811 -1 -1 -1 -1 543 -1 466 24 -1 454 -1 172 319 -1 811 -1 558 -1 -1 -1 -1
1453 1453 18 176 622 76 -1 -1 639 811 -1 518 520 -1 811 -1 172 -1 -1 -1 -1
1454 1454 12 605 176 -1 237 -1 623 36 -1 902 -1 -1 -1
1455 1455 6 176 142 62 -1 -1 -1
1456 1456 28 315 558 520 -1 811 -1 -1 237 823 -1 835 310 -1 811 -1 424 -1 776 520 -1 811 -1 648 -1 -1 -1 -1 -1
1457 1457 6 176 142 62 -1 -1 -1
1458 1458 28 315 558 520 -1 811 -1 -1 237 823 -1 835 310 -1 811 -1 424 -1 776 520 -1 811 -1 648 -1 -1 -1 -1 -1
1459 1459 6 176 142 62 -1 -1 -1
1460 1460 28 315 558 520 -1 811 -1 -1 237 823 -1 835 310 -1 811 -1 424 -1 776 520 -1 811 -1 648 -1 -1 -1 -1 -1
1461 1461 6 176 142 62 -1 -1 -1
1462 1462 28 315 558 520 -1 811 -1 -1 237 823 -1 835 310 -1 811 -1 424 -1 776 520 -1 811 -1 648 -1 -1 -1 -1 -1
1463 1463 24 149 893 -1 823 -1 649 -1 322 29 -1 85 810 -1 321 811 -1 150 -1 -1 456 -1 -1 -1 -1
1464 1464 6 176 23 -1 534 -1 -1
1465 1465 54 34 534 -1 766 107 893 -1 823 -1 776 811 -1 414 520 -1 811 -1 -1 -1 774 39 -1 811 -1 85 520 -1 811 -1 -1 623 823 -1 536 -1 774 893 -1 823 -1 776 319 -1 811 -1 278 -1 -1 -1 -1 -1 -1 -1 -1
1466 1466 2 176 -1
1467 1467 28 676 893 -1 823 -1 545 811 -1 413 -1 172 360 -1 811 -1 545 -1 -1 536 -1 172 811 -1 320 -1 -1 -1 -1
1468 1468 26 172 453 -1 727 -1 176 -1 661 802 755 894 310 -1 -1 823 -1 686 0 -1 909 -1 -1 -1 -1 -1 -1
1469 1469 4 172 0 -1 -1
1470 1470 14 341 484 -1 847 811 -1 693 -1 558 36 -1 -1 -1 -1
1471 1471 6 76 726 -1 390 -1 -1
1472 1472 24 172 0 -1 76 520 -1 726 -1 -1 24 -1 240 902 -1 811 -1 693 -1 558 36 -1 -1 -1 -1
1473 1473 28 240 811 -1 868 810 -1 734 -1 55 -1 623 310 -1 811 -1 172 520 -1 29 -1 494 -1 631 -1 -1 -1 -1 -1
1474 1474 26 176 0 -1 369 491 893 -1 172 811 -1 671 -1 -1 482 823 -1 55 -1 558 902 -1 -1 -1 -1 -1 -1
1475 1475 34 172 0 -1 142 -1 171 -1 176 -1 76 520 -1 726 -1 661 705 0 -1 741 -1 155 76 823 -1 243 -1 71 -1 -1 -1 -1 -1 -1 -1
1476 1476 12 711 622 -1 176 -1 664 310 -1 811 -1 -1 -1
1477 1477 6 711 176 -1 634 -1 -1
1478 1478 10 176 76 -1 711 811 -1 637 -1 -1 -1
1479 1479 4 172 0 -1 -1
1480 1480 20 172 0 -1 600 726 896 -1 -1 390 -1 0 -1 726 520 -1 558 -1 -1 -1 -1
1481 1481 16 176 523 484 -1 55 -1 848 520 -1 811 -1 309 -1 -1 -1 -1
1482 1482 4 172 0 -1 -1
1483 1483 20 172 0 -1 600 726 896 -1 -1 390 -1 0 -1 726 520 -1 177 -1 -1 -1 -1
1484 1484 16 176 523 484 -1 55 -1 848 520 -1 811 -1 309 -1 -1 -1 -1
1485 1485 12 792 352 492 -1 713 -1 -1 33 -1 511 -1 -1
1486 1486 16 405 0 -1 172 -1 446 -1 290 -1 623 823 -1 874 -1 -1 -1
1487 1487 18 172 172 520 -1 172 891 -1 247 243 -1 -1 390 -1 0 -1 -1 -1 -1
1488 1488 22 76 0 -1 172 -1 176 520 -1 847 -1 144 616 64 -1 722 -1 623 -1 -1 -1 -1 -1
1489 1489 10 172 0 -1 176 520 -1 847 -1 -1 -1
1490 1490 16 176 0 -1 700 -1 144 614 0 -1 722 -1 805 -1 -1 -1 -1
1491 1491 28 623 0 -1 661 623 726 811 -1 172 520 -1 819 -1 -1 -1 0 -1 172 0 -1 536 -1 504 -1 -1 -1 -1 -1
1492 1492 6 172 801 -1 726 -1 -1
1493 1493 32 148 21 -1 726 811 -1 545 -1 526 520 -1 819 -1 -1 15 894 -1 456 -1 372 847 -1 531 360 -1 542 -1 -1 -1 -1 -1 -1
1494 1494 14 726 282 -1 248 520 -1 76 520 -1 558 -1 -1 -1 -1
1495 1495 16 172 0 -1 142 -1 171 -1 176 -1 536 -1 172 622 -1 -1 -1
1496 1496 12 726 811 -1 172 520 -1 811 -1 545 -1 -1 -1
1497 1497 10 227 893 -1 823 -1 488 414 -1 -1 -1
1498 1498 18 368 176 0 -1 -1 736 893 -1 378 811 -1 -1 734 -1 55 -1 -1 -1
1499 1499 6 172 0 -1 76 -1 -1
1500 1500 12 142 639 -1 484 -1 55 -1 418 39 -1 -1 -1
1501 1501 10 172 0 -1 176 520 -1 847 -1 -1 -1
1502 1502 12 172 176 520 -1 -1 76 902 -1 726 -1 -1 -1
1503 1503 28 539 358 353 -1 576 139 -1 643 -1 -1 899 -1 55 -1 158 39 -1 811 -1 207 520 -1 503 -1 -1 -1 -1 -1
1504 1504 38 635 353 -1 139 207 537 811 -1 248 520 -1 609 -1 -1 -1 390 -1 604 248 823 -1 737 -1 -1 -1 -1 -1 33 -1 782 -1 139 353 -1 558 -1 -1 -1
1505 1505 30 756 353 -1 248 139 -1 811 -1 672 -1 623 -1 -1 899 -1 55 -1 874 83 -1 811 -1 -1 537 360 -1 198 -1 -1 -1
1506 1506 22 538 527 0 -1 172 -1 644 240 896 -1 -1 390 -1 24 -1 370 -1 422 -1 -1 -1 -1
1507 1507 16 172 811 -1 378 -1 248 902 -1 623 -1 503 -1 252 -1 -1 -1
1508 1508 12 172 485 -1 171 -1 682 891 -1 485 -1 -1 -1
1509 1509 36 798 172 246 -1 0 -1 887 520 -1 176 -1 536 -1 623 -1 -1 367 823 -1 887 18 -1 -1 -1 -1 734 -1 55 -1 142 823 -1 55 -1 -1 -1
1510 1510 20 76 874 -1 87 -1 55 -1 504 -1 76 -1 623 -1 536 -1 86 0 -1 -1 -1
1511 1511 4 76 176 -1 -1
1512 1512 60 353 139 868 776 811 -1 413 -1 694 310 -1 243 -1 -1 365 39 -1 350 -1 53 360 -1 0 -1 -1 -1 -1 899 -1 55 -1 776 36 -1 374 -1 -1 694 310 -1 811 -1 350 520 -1 365 -1 -1 -1 53 360 -1 811 -1 309 -1 -1 -1 -1 -1
1513 1513 20 873 23 -1 176 -1 89 -1 188 -1 780 -1 536 -1 504 858 823 -1 -1 -1 -1
1514 1514 4 176 783 -1 -1
1515 1515 26 172 0 -1 176 520 -1 0 -1 741 -1 766 420 811 -1 783 -1 151 520 -1 811 -1 -1 -1 -1 -1 -1
1516 1516 34 176 23 -1 536 -1 172 -1 176 520 -1 142 -1 766 784 811 -1 151 520 -1 811 -1 -1 -1 -1 -1 219 20 -1 243 -1 760 -1 -1 -1
1517 1517 28 176 87 -1 55 -1 0 -1 741 -1 765 823 -1 873 811 -1 693 -1 222 310 -1 18 -1 760 -1 -1 -1 -1 -1
1518 1518 8 172 0 -1 176 520 -1 -1 -1
1519 1519 30 783 811 -1 900 520 -1 811 -1 748 -1 -1 219 310 -1 243 -1 378 520 -1 811 -1 151 520 -1 811 -1 -1 -1 -1 -1
1520 1520 6 176 23 -1 534 -1 -1
1521 1521 20 176 172 0 -1 142 -1 171 -1 623 520 -1 420 -1 24 -1 847 -1 -1 -1 -1
1522 1522 4 172 0 -1 -1
1523 1523 10 172 0 -1 623 520 -1 847 -1 -1 -1
1524 1524 8 172 76 520 -1 726 -1 -1 -1
1525 1525 18 172 0 -1 193 -1 150 823 -1 55 -1 172 823 -1 0 -1 -1 -1 -1
1526 1526 4 172 0 -1 -1
1527 1527 8 172 153 823 -1 862 -1 -1 -1
1528 1528 4 172 0 -1 -1
1529 1529 8 172 153 823 -1 862 -1 -1 -1
1530 1530 26 486 172 520 -1 811 -1 558 360 -1 669 894 319 -1 -1 823 -1 887 811 -1 120 -1 -1 -1 -1 -1 -1
1531 1531 10 172 531 520 -1 -1 691 823 -1 -1 -1
1532 1532 2 176 -1
1533 1533 20 176 447 353 -1 139 -1 876 811 -1 -1 899 -1 55 -1 832 36 -1 -1 -1 -1
1534 1534 36 176 353 139 447 887 811 -1 414 520 -1 819 -1 -1 -1 899 -1 55 -1 832 36 -1 24 -1 425 -1 833 360 -1 414 -1 -1 -1 -1 -1 -1 -1
1535 1535 16 76 534 -1 700 -1 172 -1 766 579 811 -1 417 -1 -1 -1 -1
1536 1536 16 172 0 -1 176 520 -1 847 -1 24 -1 76 726 -1 -1 -1 -1
1537 1537 16 172 0 -1 176 520 -1 847 -1 24 -1 76 726 -1 -1 -1 -1
1538 1538 6 176 23 -1 534 -1 -1
1539 1539 20 844 353 -1 139 -1 647 823 -1 355 23 -1 -1 378 319 -1 842 -1 -1 -1 -1
1540 1540 4 176 0 -1 -1
1541 1541 4 176 0 -1 -1
1542 1542 14 221 592 -1 176 -1 758 520 -1 811 -1 545 -1 -1 -1
1543 1543 4 172 0 -1 -1
1544 1544 4 172 0 -1 -1
1545 1545 14 341 484 -1 847 811 -1 693 -1 172 36 -1 -1 -1 -1
1546 1546 14 176 869 893 -1 414 811 -1 -1 63 0 -1 -1 -1 -1
1547 1547 20 622 176 369 99 893 -1 35 -1 734 -1 55 -1 154 310 -1 -1 -1 -1 -1 -1
1548 1548 14 172 0 -1 700 -1 176 -1 661 178 0 -1 -1 -1 -1
1549 1549 14 172 23 -1 534 -1 450 726 896 -1 -1 558 -1 -1 -1
1550 1550 6 176 23 -1 534 -1 -1
1551 1551 14 32 514 823 -1 176 67 -1 24 -1 176 -1 -1 -1 -1
1552 1552 4 172 0 -1 -1
1553 1553 16 176 523 484 -1 55 -1 848 520 -1 811 -1 309 -1 -1 -1 -1
1554 1554 4 172 176 -1 -1
1555 1555 4 172 176 -1 -1
1556 1556 4 172 0 -1 -1
1557 1557 6 172 536 -1 875 -1 -1
1558 1558 6 172 536 -1 875 -1 -1
1559 1559 8 172 378 -1 536 -1 875 -1 -1
1560 1560 6 875 536 -1 172 -1 -1
1561 1561 8 172 378 -1 536 -1 875 -1 -1
1562 1562 6 172 536 -1 875 -1 -1
1563 1563 4 172 378 -1 -1
1564 1564 8 171 484 -1 55 -1 142 -1 -1
1565 1565 4 172 0 -1 -1
1566 1566 16 176 523 484 -1 55 -1 848 520 -1 811 -1 309 -1 -1 -1 -1
1567 1567 8 172 176 902 -1 847 -1 -1 -1
1568 1568 4 172 0 -1 -1
1569 1569 16 176 523 484 -1 55 -1 848 520 -1 811 -1 309 -1 -1 -1 -1
1570 1570 20 485 0 -1 639 -1 142 485 172 -1 682 176 902 -1 847 -1 -1 -1 -1 -1 -1
1571 1571 10 172 0 -1 176 902 -1 847 -1 -1 -1
1572 1572 10 172 0 -1 176 520 -1 847 -1 -1 -1
1573 1573 4 172 0 -1 -1
1574 1574 16 176 523 484 -1 55 -1 848 520 -1 811 -1 309 -1 -1 -1 -1
1575 1575 4 172 0 -1 -1
1576 1576 16 176 523 484 -1 55 -1 848 520 -1 811 -1 309 -1 -1 -1 -1
1577 1577 4 172 0 -1 -1
1578 1578 16 176 523 484 -1 55 -1 848 520 -1 811 -1 309 -1 -1 -1 -1
1579 1579 4 172 0 -1 -1
1580 1580 16 176 523 484 -1 55 -1 848 520 -1 811 -1 309 -1 -1 -1 -1
1581 1581 4 172 0 -1 -1
1582 1582 16 176 523 484 -1 55 -1 848 520 -1 811 -1 309 -1 -1 -1 -1
1583 1583 4 172 0 -1 -1
1584 1584 16 176 523 484 -1 55 -1 848 520 -1 811 -1 309 -1 -1 -1 -1
1585 1585 6 172 0 -1 176 -1 -1
1586 1586 4 172 0 -1 -1
1587 1587 16 176 523 484 -1 55 -1 848 520 -1 811 -1 309 -1 -1 -1 -1
1588 1588 6 172 536 -1 875 -1 -1
1589 1589 4 172 0 -1 -1
1590 1590 16 176 523 484 -1 55 -1 848 520 -1 811 -1 309 -1 -1 -1 -1
1591 1591 10 172 0 -1 536 -1 808 -1 366 -1 -1
1592 1592 10 172 0 -1 176 520 -1 847 -1 -1 -1
1593 1593 4 172 0 -1 -1
1594 1594 14 341 484 -1 847 811 -1 693 -1 623 36 -1 -1 -1 -1
1595 1595 8 176 484 -1 55 -1 23 -1 -1
1596 1596 8 176 484 -1 55 -1 23 -1 -1
