DBASE_NUM_TRANS : 1095
DBASE_MAXITEM : 538
MINSUPPORT : 10 (0)
467 370 (10)
Tree: 463 464 465 466 467 613 613 614 615 616 617 
467 477 (10)
Tree: 463 463 464 464 465 465 466 466 467 467 613 613 613 613 614 614 615 615 616 616 617 617 
ITER 2
467 370 -1 477 (10)
Tree: 463 464 465 466 467 613 613 613 614 615 616 617 
467 370 477 (10)
Tree: 463 464 465 466 467 613 614 615 616 617 
ITER 2
467 477 -1 477 (10)
Tree: 463 464 465 466 467 613 613 613 613 613 613 614 615 616 617 
448 477 (10)
Tree: 468 468 627 627 628 628 629 629 630 630 631 631 918 918 919 919 920 920 921 921 
ITER 2
448 477 -1 477 (10)
Tree: 468 627 628 629 630 631 918 919 920 921 
160 477 (10)
Tree: 457 457 458 458 613 614 614 615 615 616 616 617 617 706 706 778 781 
83 485 (12)
Tree: 439 603 646 647 768 769 770 771 772 811 833 833 888 
460 319 (12)
Tree: 632 633 634 635 754 755 756 757 950 951 953 955 
460 477 (12)
Tree: 632 633 634 635 754 754 755 755 756 756 757 757 950 950 951 953 955 955 955 
506 485 (12)
Tree: 659 660 768 769 770 771 772 782 783 784 785 811 
506 477 (14)
Tree: 442 443 659 659 660 660 768 768 769 769 770 771 772 782 783 784 785 811 
ITER 2
506 485 -1 477 (12)
Tree: 659 660 768 769 770 771 772 782 783 784 785 811 
384 370 (14)
Tree: 613 614 615 616 617 627 627 627 628 628 628 629 629 629 630 630 630 631 631 631 631 918 918 918 919 919 919 919 920 920 920 921 921 921 
400 91 (11)
Tree: 435 446 447 448 449 908 926 940 943 946 949 
400 477 (10)
Tree: 446 446 447 447 448 448 449 449 778 778 778 926 926 940 940 943 943 946 946 949 949 
ITER 2
400 477 -1 477 (10)
Tree: 446 447 448 449 778 778 778 926 940 943 946 949 
420 226 (12)
Tree: 459 460 461 463 464 465 466 467 794 795 836 843 
420 485 (16)
Tree: 8 8 9 9 459 460 461 463 464 465 466 467 789 791 794 795 836 843 
420 91 (16)
Tree: 8 8 9 9 459 460 461 463 464 465 466 467 789 791 794 795 836 843 
ITER 2
420 226 -1 485 (12)
Tree: 459 460 461 463 464 465 466 467 794 795 836 843 
420 226 -1 91 (12)
Tree: 459 460 461 463 464 465 466 467 794 795 836 843 
ITER 3
420 226 -1 91 485 (11)
Tree: 459 460 461 463 464 465 466 467 794 795 843 
ITER 2
420 91 485 (15)
Tree: 8 8 9 9 459 460 461 463 464 465 466 467 789 791 794 795 843 
131 116 (18)
Tree: 388 389 390 391 392 393 394 395 396 397 398 399 400 401 402 403 404 405 
496 122 (12)
Tree: 650 651 652 653 654 655 656 657 658 827 828 829 
496 113 (12)
Tree: 650 651 652 653 654 655 656 657 658 827 828 829 
496 401 (12)
Tree: 650 651 652 653 654 655 656 657 658 827 828 829 
496 319 (13)
Tree: 650 651 652 653 654 655 656 657 658 827 828 829 959 
496 477 (16)
Tree: 648 649 650 651 652 653 654 655 656 657 658 809 827 828 829 959 
496 111 (15)
Tree: 648 649 650 651 652 653 654 655 656 657 658 809 827 828 829 
ITER 2
496 122 -1 113 (12)
Tree: 650 651 652 653 654 655 656 657 658 827 828 829 
496 122 -1 401 (12)
Tree: 650 651 652 653 654 655 656 657 658 827 828 829 
496 122 -1 319 (12)
Tree: 650 651 652 653 654 655 656 657 658 827 828 829 
496 122 -1 111 (12)
Tree: 650 651 652 653 654 655 656 657 658 827 828 829 
ITER 3
496 122 -1 113 -1 401 (12)
Tree: 650 651 652 653 654 655 656 657 658 827 828 829 
496 122 -1 113 -1 319 (12)
Tree: 650 651 652 653 654 655 656 657 658 827 828 829 
496 122 -1 113 -1 111 (12)
Tree: 650 651 652 653 654 655 656 657 658 827 828 829 
ITER 4
496 122 -1 113 -1 319 -1 401 (12)
Tree: 650 651 652 653 654 655 656 657 658 827 828 829 
ITER 4
496 122 -1 113 -1 111 401 (12)
Tree: 650 651 652 653 654 655 656 657 658 827 828 829 
496 122 -1 113 -1 111 319 (12)
Tree: 650 651 652 653 654 655 656 657 658 827 828 829 
ITER 5
496 122 -1 113 -1 111 319 -1 401 (12)
Tree: 650 651 652 653 654 655 656 657 658 827 828 829 
ITER 3
496 122 -1 319 -1 401 (12)
Tree: 650 651 652 653 654 655 656 657 658 827 828 829 
ITER 3
496 122 -1 111 401 (12)
Tree: 650 651 652 653 654 655 656 657 658 827 828 829 
496 122 -1 111 319 (12)
Tree: 650 651 652 653 654 655 656 657 658 827 828 829 
ITER 4
496 122 -1 111 319 -1 401 (12)
Tree: 650 651 652 653 654 655 656 657 658 827 828 829 
ITER 2
496 113 -1 401 (12)
Tree: 650 651 652 653 654 655 656 657 658 827 828 829 
496 113 -1 319 (12)
Tree: 650 651 652 653 654 655 656 657 658 827 828 829 
496 113 -1 111 (12)
Tree: 650 651 652 653 654 655 656 657 658 827 828 829 
ITER 3
496 113 -1 319 -1 401 (12)
Tree: 650 651 652 653 654 655 656 657 658 827 828 829 
ITER 3
496 113 -1 111 401 (12)
Tree: 650 651 652 653 654 655 656 657 658 827 828 829 
496 113 -1 111 319 (12)
Tree: 650 651 652 653 654 655 656 657 658 827 828 829 
ITER 4
496 113 -1 111 319 -1 401 (12)
Tree: 650 651 652 653 654 655 656 657 658 827 828 829 
ITER 2
496 319 -1 401 (12)
Tree: 650 651 652 653 654 655 656 657 658 827 828 829 
ITER 2
496 111 401 (12)
Tree: 650 651 652 653 654 655 656 657 658 827 828 829 
496 111 319 (12)
Tree: 650 651 652 653 654 655 656 657 658 827 828 829 
ITER 3
496 111 319 -1 401 (12)
Tree: 650 651 652 653 654 655 656 657 658 827 828 829 
ITER 2
496 477 -1 122 (12)
Tree: 650 651 652 653 654 655 656 657 658 827 828 829 
496 477 -1 113 (12)
Tree: 650 651 652 653 654 655 656 657 658 827 828 829 
496 477 -1 401 (12)
Tree: 650 651 652 653 654 655 656 657 658 827 828 829 
496 477 -1 319 (12)
Tree: 650 651 652 653 654 655 656 657 658 827 828 829 
496 477 -1 111 (15)
Tree: 648 649 650 651 652 653 654 655 656 657 658 809 827 828 829 
ITER 3
496 477 -1 122 -1 113 (12)
Tree: 650 651 652 653 654 655 656 657 658 827 828 829 
496 477 -1 122 -1 401 (12)
Tree: 650 651 652 653 654 655 656 657 658 827 828 829 
496 477 -1 122 -1 319 (12)
Tree: 650 651 652 653 654 655 656 657 658 827 828 829 
496 477 -1 122 -1 111 (12)
Tree: 650 651 652 653 654 655 656 657 658 827 828 829 
ITER 4
496 477 -1 122 -1 113 -1 401 (12)
Tree: 650 651 652 653 654 655 656 657 658 827 828 829 
496 477 -1 122 -1 113 -1 319 (12)
Tree: 650 651 652 653 654 655 656 657 658 827 828 829 
496 477 -1 122 -1 113 -1 111 (12)
Tree: 650 651 652 653 654 655 656 657 658 827 828 829 
ITER 5
496 477 -1 122 -1 113 -1 319 -1 401 (12)
Tree: 650 651 652 653 654 655 656 657 658 827 828 829 
ITER 5
496 477 -1 122 -1 113 -1 111 401 (12)
Tree: 650 651 652 653 654 655 656 657 658 827 828 829 
496 477 -1 122 -1 113 -1 111 319 (12)
Tree: 650 651 652 653 654 655 656 657 658 827 828 829 
ITER 6
496 477 -1 122 -1 113 -1 111 319 -1 401 (12)
Tree: 650 651 652 653 654 655 656 657 658 827 828 829 
ITER 4
496 477 -1 122 -1 319 -1 401 (12)
Tree: 650 651 652 653 654 655 656 657 658 827 828 829 
ITER 4
496 477 -1 122 -1 111 401 (12)
Tree: 650 651 652 653 654 655 656 657 658 827 828 829 
496 477 -1 122 -1 111 319 (12)
Tree: 650 651 652 653 654 655 656 657 658 827 828 829 
ITER 5
496 477 -1 122 -1 111 319 -1 401 (12)
Tree: 650 651 652 653 654 655 656 657 658 827 828 829 
ITER 3
496 477 -1 113 -1 401 (12)
Tree: 650 651 652 653 654 655 656 657 658 827 828 829 
496 477 -1 113 -1 319 (12)
Tree: 650 651 652 653 654 655 656 657 658 827 828 829 
496 477 -1 113 -1 111 (12)
Tree: 650 651 652 653 654 655 656 657 658 827 828 829 
ITER 4
496 477 -1 113 -1 319 -1 401 (12)
Tree: 650 651 652 653 654 655 656 657 658 827 828 829 
ITER 4
496 477 -1 113 -1 111 401 (12)
Tree: 650 651 652 653 654 655 656 657 658 827 828 829 
496 477 -1 113 -1 111 319 (12)
Tree: 650 651 652 653 654 655 656 657 658 827 828 829 
ITER 5
496 477 -1 113 -1 111 319 -1 401 (12)
Tree: 650 651 652 653 654 655 656 657 658 827 828 829 
ITER 3
496 477 -1 319 -1 401 (12)
Tree: 650 651 652 653 654 655 656 657 658 827 828 829 
ITER 3
496 477 -1 111 401 (12)
Tree: 650 651 652 653 654 655 656 657 658 827 828 829 
496 477 -1 111 319 (12)
Tree: 650 651 652 653 654 655 656 657 658 827 828 829 
ITER 4
496 477 -1 111 319 -1 401 (12)
Tree: 650 651 652 653 654 655 656 657 658 827 828 829 
134 485 (13)
Tree: 420 421 659 660 661 662 664 665 666 667 667 668 742 823 
134 477 (18)
Tree: 419 420 421 659 659 660 661 662 663 663 664 664 665 665 666 667 667 668 742 823 824 935 960 
ITER 2
134 477 -1 485 (11)
Tree: 659 660 661 662 664 665 666 667 667 668 742 823 
511 477 (11)
Tree: 7 8 9 415 446 462 665 940 943 946 949 
421 337 (12)
Tree: 3 4 16 17 18 768 769 770 771 772 811 931 
421 477 (16)
Tree: 3 3 4 4 16 17 18 50 669 768 769 770 771 772 811 931 931 956 960 
ITER 2
421 477 -1 337 (12)
Tree: 3 3 4 4 16 17 18 768 769 770 771 772 811 931 931 
92 116 (29)
Tree: 290 291 292 293 294 295 296 297 298 299 300 301 302 303 304 305 306 307 308 309 310 311 312 313 314 315 316 670 671 
434 319 (20)
Tree: 12 462 468 468 621 622 623 624 744 744 745 745 746 747 748 749 750 751 752 863 863 874 875 905 
434 477 (18)
Tree: 12 12 462 468 468 624 744 744 745 745 746 746 747 747 748 748 749 749 750 750 751 751 752 752 758 863 863 874 874 875 905 905 
ITER 2
434 477 -1 477 (11)
Tree: 12 468 746 747 748 749 750 751 752 874 905 
434 477 -1 319 (14)
Tree: 12 468 468 468 744 745 746 747 748 749 750 751 752 863 874 905 
ITER 3
434 477 -1 319 -1 477 (11)
Tree: 12 468 746 747 748 749 750 751 752 874 905 
ITER 2
434 319 -1 477 (17)
Tree: 12 462 468 624 744 745 746 747 748 749 750 751 752 863 874 875 905 
370 370 (11)
Tree: 414 613 613 627 627 628 628 629 629 630 630 631 631 631 918 918 919 919 919 920 920 921 921 
370 337 (14)
Tree: 613 613 613 613 614 615 616 617 627 628 629 630 631 918 919 920 921 
370 477 (20)
Tree: 414 463 464 465 466 467 613 613 613 613 613 613 614 615 616 617 627 628 629 630 631 918 919 920 921 
ITER 2
370 370 -1 370 (10)
Tree: 613 627 628 629 630 631 631 631 918 919 919 919 920 921 
ITER 2
370 337 -1 370 (10)
Tree: 613 613 613 627 627 628 628 629 629 630 630 631 631 631 918 918 919 919 919 920 920 921 921 
ITER 3
370 337 -1 370 -1 370 (10)
Tree: 613 627 628 629 630 631 631 631 918 919 919 919 920 921 
ITER 2
370 477 -1 370 (10)
Tree: 613 613 613 613 613 613 627 627 628 628 629 629 630 630 631 631 631 918 918 919 919 919 920 920 921 921 
370 477 -1 337 (14)
Tree: 613 613 613 613 613 613 613 613 613 614 615 616 617 627 628 629 630 631 918 919 920 921 
ITER 3
370 477 -1 370 -1 370 (10)
Tree: 613 613 627 628 629 630 631 631 631 918 919 919 919 920 921 
ITER 3
370 477 -1 337 -1 370 (10)
Tree: 613 613 613 613 627 627 628 628 629 629 630 630 631 631 631 918 918 919 919 919 920 920 921 921 
ITER 4
370 477 -1 337 -1 370 -1 370 (10)
Tree: 613 627 628 629 630 631 631 631 918 919 919 919 920 921 
344 477 (17)
Tree: 42 440 441 446 459 460 474 766 766 767 767 778 794 795 804 940 943 946 949 
53 421 (10)
Tree: 423 472 483 619 620 808 857 858 961 966 
53 1 (13)
Tree: 26 27 28 29 30 31 32 33 34 817 834 906 952 
53 319 (23)
Tree: 23 23 415 423 472 483 610 610 610 611 619 620 625 626 640 705 740 741 808 834 857 858 862 898 901 966 
53 111 (23)
Tree: 27 28 29 30 31 32 33 34 35 40 41 168 168 168 168 168 168 169 169 169 169 169 169 470 471 640 740 741 817 834 898 906 952 
ITER 2
53 1 -1 111 (12)
Tree: 27 28 29 30 31 32 33 34 817 834 906 952 
314 431 (12)
Tree: 27 28 29 30 31 32 33 34 35 817 906 952 
314 60 (14)
Tree: 27 28 29 30 31 32 33 34 35 36 37 817 906 952 
314 229 (19)
Tree: 23 488 489 613 614 615 616 617 701 702 703 704 705 707 708 867 868 927 929 
314 53 (16)
Tree: 23 27 28 29 30 31 32 33 34 35 415 701 707 817 906 952 
314 40 (21)
Tree: 27 28 29 30 31 32 33 34 35 36 37 415 614 615 616 617 669 709 817 906 952 
314 1 (15)
Tree: 27 27 28 28 29 29 30 30 31 31 32 32 33 33 34 34 35 35 36 36 36 37 37 37 669 669 817 817 906 906 952 952 
314 330 (17)
Tree: 23 27 28 29 30 31 32 33 34 35 36 37 487 669 817 906 952 
314 485 (11)
Tree: 421 480 484 487 490 709 709 812 839 885 911 937 
314 319 (42)
Tree: 21 23 23 36 37 415 415 421 421 450 478 480 484 485 486 487 487 488 489 490 613 614 615 616 617 669 700 701 702 703 704 705 706 706 707 708 709 798 812 839 867 868 885 911 927 929 937 
314 477 (32)
Tree: 23 415 415 421 450 480 485 486 488 489 613 613 614 614 614 615 615 615 616 616 616 617 617 617 669 669 700 701 701 702 702 703 703 704 704 705 705 706 706 706 707 707 708 708 709 798 867 867 868 868 885 911 927 929 
314 111 (19)
Tree: 21 27 28 29 30 31 32 33 34 35 36 37 487 488 669 706 817 906 952 
ITER 2
314 431 -1 1 (12)
Tree: 27 28 29 30 31 32 33 34 35 817 906 952 
314 431 -1 53 (12)
Tree: 27 28 29 30 31 32 33 34 35 817 906 952 
314 431 -1 330 (12)
Tree: 27 28 29 30 31 32 33 34 35 817 906 952 
314 431 -1 111 (12)
Tree: 27 28 29 30 31 32 33 34 35 817 906 952 
ITER 3
314 431 -1 1 -1 111 (12)
Tree: 27 28 29 30 31 32 33 34 35 817 906 952 
ITER 3
314 431 -1 53 1 (11)
Tree: 27 28 29 30 31 32 33 34 817 906 952 
314 431 -1 53 111 (12)
Tree: 27 28 29 30 31 32 33 34 35 817 906 952 
ITER 4
314 431 -1 53 1 -1 111 (11)
Tree: 27 28 29 30 31 32 33 34 817 906 952 
ITER 3
314 431 -1 330 -1 1 (12)
Tree: 27 28 29 30 31 32 33 34 35 817 906 952 
314 431 -1 330 -1 53 (12)
Tree: 27 28 29 30 31 32 33 34 35 817 906 952 
314 431 -1 330 -1 111 (12)
Tree: 27 28 29 30 31 32 33 34 35 817 906 952 
ITER 4
314 431 -1 330 -1 1 -1 111 (12)
Tree: 27 28 29 30 31 32 33 34 35 817 906 952 
ITER 4
314 431 -1 330 -1 53 1 (11)
Tree: 27 28 29 30 31 32 33 34 817 906 952 
314 431 -1 330 -1 53 111 (12)
Tree: 27 28 29 30 31 32 33 34 35 817 906 952 
ITER 5
314 431 -1 330 -1 53 1 -1 111 (11)
Tree: 27 28 29 30 31 32 33 34 817 906 952 
ITER 2
314 60 -1 431 (12)
Tree: 27 28 29 30 31 32 33 34 35 817 906 952 
314 60 -1 1 (14)
Tree: 27 27 28 28 29 29 30 30 31 31 32 32 33 33 34 34 35 35 36 36 36 37 37 37 817 817 906 906 952 952 
314 60 -1 53 (12)
Tree: 27 28 29 30 31 32 33 34 35 817 906 952 
314 60 -1 330 (14)
Tree: 27 28 29 30 31 32 33 34 35 36 37 817 906 952 
314 60 -1 111 (14)
Tree: 27 28 29 30 31 32 33 34 35 36 37 817 906 952 
314 60 -1 40 (14)
Tree: 27 28 29 30 31 32 33 34 35 36 37 817 906 952 
ITER 3
314 60 -1 431 -1 53 (12)
Tree: 27 28 29 30 31 32 33 34 35 817 906 952 
314 60 -1 431 -1 1 (12)
Tree: 27 28 29 30 31 32 33 34 35 817 906 952 
314 60 -1 431 -1 330 (12)
Tree: 27 28 29 30 31 32 33 34 35 817 906 952 
314 60 -1 431 -1 111 (12)
Tree: 27 28 29 30 31 32 33 34 35 817 906 952 
ITER 4
314 60 -1 431 -1 53 1 (11)
Tree: 27 28 29 30 31 32 33 34 817 906 952 
314 60 -1 431 -1 53 111 (12)
Tree: 27 28 29 30 31 32 33 34 35 817 906 952 
ITER 5
314 60 -1 431 -1 53 1 -1 111 (11)
Tree: 27 28 29 30 31 32 33 34 817 906 952 
ITER 4
314 60 -1 431 -1 1 -1 111 (12)
Tree: 27 28 29 30 31 32 33 34 35 817 906 952 
ITER 4
314 60 -1 431 -1 330 -1 53 (12)
Tree: 27 28 29 30 31 32 33 34 35 817 906 952 
314 60 -1 431 -1 330 -1 1 (12)
Tree: 27 28 29 30 31 32 33 34 35 817 906 952 
314 60 -1 431 -1 330 -1 111 (12)
Tree: 27 28 29 30 31 32 33 34 35 817 906 952 
ITER 5
314 60 -1 431 -1 330 -1 53 1 (11)
Tree: 27 28 29 30 31 32 33 34 817 906 952 
314 60 -1 431 -1 330 -1 53 111 (12)
Tree: 27 28 29 30 31 32 33 34 35 817 906 952 
ITER 6
314 60 -1 431 -1 330 -1 53 1 -1 111 (11)
Tree: 27 28 29 30 31 32 33 34 817 906 952 
ITER 5
314 60 -1 431 -1 330 -1 1 -1 111 (12)
Tree: 27 28 29 30 31 32 33 34 35 817 906 952 
ITER 3
314 60 -1 53 1 (11)
Tree: 27 28 29 30 31 32 33 34 817 906 952 
314 60 -1 53 111 (12)
Tree: 27 28 29 30 31 32 33 34 35 817 906 952 
ITER 4
314 60 -1 53 1 -1 111 (11)
Tree: 27 28 29 30 31 32 33 34 817 906 952 
ITER 3
314 60 -1 1 -1 431 (12)
Tree: 27 28 29 30 31 32 33 34 35 817 906 952 
314 60 -1 1 -1 53 (12)
Tree: 27 28 29 30 31 32 33 34 35 35 817 906 952 
314 60 -1 1 -1 1 (14)
Tree: 27 28 29 30 31 32 33 34 35 36 36 36 37 37 37 817 906 952 
314 60 -1 1 -1 330 (14)
Tree: 27 28 29 30 31 32 33 34 35 36 37 817 906 952 
314 60 -1 1 -1 111 (14)
Tree: 27 27 28 28 29 29 30 30 31 31 32 32 33 33 34 34 35 35 36 36 37 37 817 817 906 906 952 952 
ITER 4
314 60 -1 1 -1 431 -1 53 (12)
Tree: 27 28 29 30 31 32 33 34 35 817 906 952 
314 60 -1 1 -1 431 -1 1 (12)
Tree: 27 28 29 30 31 32 33 34 35 817 906 952 
314 60 -1 1 -1 431 -1 330 (12)
Tree: 27 28 29 30 31 32 33 34 35 817 906 952 
314 60 -1 1 -1 431 -1 111 (12)
Tree: 27 28 29 30 31 32 33 34 35 817 906 952 
ITER 5
314 60 -1 1 -1 431 -1 53 1 (11)
Tree: 27 28 29 30 31 32 33 34 817 906 952 
314 60 -1 1 -1 431 -1 53 111 (12)
Tree: 27 28 29 30 31 32 33 34 35 817 906 952 
ITER 6
314 60 -1 1 -1 431 -1 53 1 -1 111 (11)
Tree: 27 28 29 30 31 32 33 34 817 906 952 
ITER 5
314 60 -1 1 -1 431 -1 1 -1 111 (12)
Tree: 27 28 29 30 31 32 33 34 35 817 906 952 
ITER 5
314 60 -1 1 -1 431 -1 330 -1 53 (12)
Tree: 27 28 29 30 31 32 33 34 35 817 906 952 
314 60 -1 1 -1 431 -1 330 -1 1 (12)
Tree: 27 28 29 30 31 32 33 34 35 817 906 952 
314 60 -1 1 -1 431 -1 330 -1 111 (12)
Tree: 27 28 29 30 31 32 33 34 35 817 906 952 
ITER 6
314 60 -1 1 -1 431 -1 330 -1 53 1 (11)
Tree: 27 28 29 30 31 32 33 34 817 906 952 
314 60 -1 1 -1 431 -1 330 -1 53 111 (12)
Tree: 27 28 29 30 31 32 33 34 35 817 906 952 
ITER 7
314 60 -1 1 -1 431 -1 330 -1 53 1 -1 111 (11)
Tree: 27 28 29 30 31 32 33 34 817 906 952 
ITER 6
314 60 -1 1 -1 431 -1 330 -1 1 -1 111 (12)
Tree: 27 28 29 30 31 32 33 34 35 817 906 952 
ITER 4
314 60 -1 1 -1 53 1 (11)
Tree: 27 28 29 30 31 32 33 34 817 906 952 
314 60 -1 1 -1 53 111 (12)
Tree: 27 28 29 30 31 32 33 34 35 35 817 906 952 
ITER 5
314 60 -1 1 -1 53 1 -1 111 (11)
Tree: 27 28 29 30 31 32 33 34 817 906 952 
ITER 4
314 60 -1 1 -1 1 -1 111 (14)
Tree: 27 28 29 30 31 32 33 34 35 36 37 817 906 952 
ITER 4
314 60 -1 1 -1 330 -1 53 (12)
Tree: 27 28 29 30 31 32 33 34 35 817 906 952 
314 60 -1 1 -1 330 -1 1 (14)
Tree: 27 28 29 30 31 32 33 34 35 36 36 37 37 817 906 952 
314 60 -1 1 -1 330 -1 111 (14)
Tree: 27 28 29 30 31 32 33 34 35 36 37 817 906 952 
ITER 5
314 60 -1 1 -1 330 -1 53 1 (11)
Tree: 27 28 29 30 31 32 33 34 817 906 952 
314 60 -1 1 -1 330 -1 53 111 (12)
Tree: 27 28 29 30 31 32 33 34 35 817 906 952 
ITER 6
314 60 -1 1 -1 330 -1 53 1 -1 111 (11)
Tree: 27 28 29 30 31 32 33 34 817 906 952 
ITER 5
314 60 -1 1 -1 330 -1 1 -1 111 (14)
Tree: 27 28 29 30 31 32 33 34 35 36 37 817 906 952 
ITER 3
314 60 -1 330 -1 53 (12)
Tree: 27 28 29 30 31 32 33 34 35 817 906 952 
314 60 -1 330 -1 1 (14)
Tree: 27 28 29 30 31 32 33 34 35 36 36 37 37 817 906 952 
314 60 -1 330 -1 111 (14)
Tree: 27 28 29 30 31 32 33 34 35 36 37 817 906 952 
ITER 4
314 60 -1 330 -1 53 1 (11)
Tree: 27 28 29 30 31 32 33 34 817 906 952 
314 60 -1 330 -1 53 111 (12)
Tree: 27 28 29 30 31 32 33 34 35 817 906 952 
ITER 5
314 60 -1 330 -1 53 1 -1 111 (11)
Tree: 27 28 29 30 31 32 33 34 817 906 952 
ITER 4
314 60 -1 330 -1 1 -1 111 (14)
Tree: 27 28 29 30 31 32 33 34 35 36 37 817 906 952 
ITER 3
314 60 -1 40 -1 431 (12)
Tree: 27 28 29 30 31 32 33 34 35 817 906 952 
314 60 -1 40 -1 53 (12)
Tree: 27 28 29 30 31 32 33 34 35 817 906 952 
314 60 -1 40 -1 1 (14)
Tree: 27 27 28 28 29 29 30 30 31 31 32 32 33 33 34 34 35 35 36 36 36 37 37 37 817 817 906 906 952 952 
314 60 -1 40 -1 330 (14)
Tree: 27 28 29 30 31 32 33 34 35 36 37 817 906 952 
314 60 -1 40 -1 111 (14)
Tree: 27 28 29 30 31 32 33 34 35 36 37 817 906 952 
ITER 4
314 60 -1 40 -1 431 -1 53 (12)
Tree: 27 28 29 30 31 32 33 34 35 817 906 952 
314 60 -1 40 -1 431 -1 1 (12)
Tree: 27 28 29 30 31 32 33 34 35 817 906 952 
314 60 -1 40 -1 431 -1 330 (12)
Tree: 27 28 29 30 31 32 33 34 35 817 906 952 
314 60 -1 40 -1 431 -1 111 (12)
Tree: 27 28 29 30 31 32 33 34 35 817 906 952 
ITER 5
314 60 -1 40 -1 431 -1 53 1 (11)
Tree: 27 28 29 30 31 32 33 34 817 906 952 
314 60 -1 40 -1 431 -1 53 111 (12)
Tree: 27 28 29 30 31 32 33 34 35 817 906 952 
ITER 6
314 60 -1 40 -1 431 -1 53 1 -1 111 (11)
Tree: 27 28 29 30 31 32 33 34 817 906 952 
ITER 5
314 60 -1 40 -1 431 -1 1 -1 111 (12)
Tree: 27 28 29 30 31 32 33 34 35 817 906 952 
ITER 5
314 60 -1 40 -1 431 -1 330 -1 53 (12)
Tree: 27 28 29 30 31 32 33 34 35 817 906 952 
314 60 -1 40 -1 431 -1 330 -1 1 (12)
Tree: 27 28 29 30 31 32 33 34 35 817 906 952 
314 60 -1 40 -1 431 -1 330 -1 111 (12)
Tree: 27 28 29 30 31 32 33 34 35 817 906 952 
ITER 6
314 60 -1 40 -1 431 -1 330 -1 53 1 (11)
Tree: 27 28 29 30 31 32 33 34 817 906 952 
314 60 -1 40 -1 431 -1 330 -1 53 111 (12)
Tree: 27 28 29 30 31 32 33 34 35 817 906 952 
ITER 7
314 60 -1 40 -1 431 -1 330 -1 53 1 -1 111 (11)
Tree: 27 28 29 30 31 32 33 34 817 906 952 
ITER 6
314 60 -1 40 -1 431 -1 330 -1 1 -1 111 (12)
Tree: 27 28 29 30 31 32 33 34 35 817 906 952 
ITER 4
314 60 -1 40 -1 53 1 (11)
Tree: 27 28 29 30 31 32 33 34 817 906 952 
314 60 -1 40 -1 53 111 (12)
Tree: 27 28 29 30 31 32 33 34 35 817 906 952 
ITER 5
314 60 -1 40 -1 53 1 -1 111 (11)
Tree: 27 28 29 30 31 32 33 34 817 906 952 
ITER 4
314 60 -1 40 -1 1 -1 431 (12)
Tree: 27 28 29 30 31 32 33 34 35 817 906 952 
314 60 -1 40 -1 1 -1 53 (12)
Tree: 27 28 29 30 31 32 33 34 35 35 817 906 952 
314 60 -1 40 -1 1 -1 1 (14)
Tree: 27 28 29 30 31 32 33 34 35 36 36 36 37 37 37 817 906 952 
314 60 -1 40 -1 1 -1 330 (14)
Tree: 27 28 29 30 31 32 33 34 35 36 37 817 906 952 
314 60 -1 40 -1 1 -1 111 (14)
Tree: 27 27 28 28 29 29 30 30 31 31 32 32 33 33 34 34 35 35 36 36 37 37 817 817 906 906 952 952 
ITER 5
314 60 -1 40 -1 1 -1 431 -1 53 (12)
Tree: 27 28 29 30 31 32 33 34 35 817 906 952 
314 60 -1 40 -1 1 -1 431 -1 1 (12)
Tree: 27 28 29 30 31 32 33 34 35 817 906 952 
314 60 -1 40 -1 1 -1 431 -1 330 (12)
Tree: 27 28 29 30 31 32 33 34 35 817 906 952 
314 60 -1 40 -1 1 -1 431 -1 111 (12)
Tree: 27 28 29 30 31 32 33 34 35 817 906 952 
ITER 6
314 60 -1 40 -1 1 -1 431 -1 53 1 (11)
Tree: 27 28 29 30 31 32 33 34 817 906 952 
314 60 -1 40 -1 1 -1 431 -1 53 111 (12)
Tree: 27 28 29 30 31 32 33 34 35 817 906 952 
ITER 7
314 60 -1 40 -1 1 -1 431 -1 53 1 -1 111 (11)
Tree: 27 28 29 30 31 32 33 34 817 906 952 
ITER 6
314 60 -1 40 -1 1 -1 431 -1 1 -1 111 (12)
Tree: 27 28 29 30 31 32 33 34 35 817 906 952 
ITER 6
314 60 -1 40 -1 1 -1 431 -1 330 -1 53 (12)
Tree: 27 28 29 30 31 32 33 34 35 817 906 952 
314 60 -1 40 -1 1 -1 431 -1 330 -1 1 (12)
Tree: 27 28 29 30 31 32 33 34 35 817 906 952 
314 60 -1 40 -1 1 -1 431 -1 330 -1 111 (12)
Tree: 27 28 29 30 31 32 33 34 35 817 906 952 
ITER 7
314 60 -1 40 -1 1 -1 431 -1 330 -1 53 1 (11)
Tree: 27 28 29 30 31 32 33 34 817 906 952 
314 60 -1 40 -1 1 -1 431 -1 330 -1 53 111 (12)
Tree: 27 28 29 30 31 32 33 34 35 817 906 952 
ITER 8
314 60 -1 40 -1 1 -1 431 -1 330 -1 53 1 -1 111 (11)
Tree: 27 28 29 30 31 32 33 34 817 906 952 
ITER 7
314 60 -1 40 -1 1 -1 431 -1 330 -1 1 -1 111 (12)
Tree: 27 28 29 30 31 32 33 34 35 817 906 952 
ITER 5
314 60 -1 40 -1 1 -1 53 1 (11)
Tree: 27 28 29 30 31 32 33 34 817 906 952 
314 60 -1 40 -1 1 -1 53 111 (12)
Tree: 27 28 29 30 31 32 33 34 35 35 817 906 952 
ITER 6
314 60 -1 40 -1 1 -1 53 1 -1 111 (11)
Tree: 27 28 29 30 31 32 33 34 817 906 952 
ITER 5
314 60 -1 40 -1 1 -1 1 -1 111 (14)
Tree: 27 28 29 30 31 32 33 34 35 36 37 817 906 952 
ITER 5
314 60 -1 40 -1 1 -1 330 -1 53 (12)
Tree: 27 28 29 30 31 32 33 34 35 817 906 952 
314 60 -1 40 -1 1 -1 330 -1 1 (14)
Tree: 27 28 29 30 31 32 33 34 35 36 36 37 37 817 906 952 
314 60 -1 40 -1 1 -1 330 -1 111 (14)
Tree: 27 28 29 30 31 32 33 34 35 36 37 817 906 952 
ITER 6
314 60 -1 40 -1 1 -1 330 -1 53 1 (11)
Tree: 27 28 29 30 31 32 33 34 817 906 952 
314 60 -1 40 -1 1 -1 330 -1 53 111 (12)
Tree: 27 28 29 30 31 32 33 34 35 817 906 952 
ITER 7
314 60 -1 40 -1 1 -1 330 -1 53 1 -1 111 (11)
Tree: 27 28 29 30 31 32 33 34 817 906 952 
ITER 6
314 60 -1 40 -1 1 -1 330 -1 1 -1 111 (14)
Tree: 27 28 29 30 31 32 33 34 35 36 37 817 906 952 
ITER 4
314 60 -1 40 -1 330 -1 53 (12)
Tree: 27 28 29 30 31 32 33 34 35 817 906 952 
314 60 -1 40 -1 330 -1 1 (14)
Tree: 27 28 29 30 31 32 33 34 35 36 36 37 37 817 906 952 
314 60 -1 40 -1 330 -1 111 (14)
Tree: 27 28 29 30 31 32 33 34 35 36 37 817 906 952 
ITER 5
314 60 -1 40 -1 330 -1 53 1 (11)
Tree: 27 28 29 30 31 32 33 34 817 906 952 
314 60 -1 40 -1 330 -1 53 111 (12)
Tree: 27 28 29 30 31 32 33 34 35 817 906 952 
ITER 6
314 60 -1 40 -1 330 -1 53 1 -1 111 (11)
Tree: 27 28 29 30 31 32 33 34 817 906 952 
ITER 5
314 60 -1 40 -1 330 -1 1 -1 111 (14)
Tree: 27 28 29 30 31 32 33 34 35 36 37 817 906 952 
ITER 2
314 1 -1 431 (12)
Tree: 27 28 29 30 31 32 33 34 35 817 906 952 
314 1 -1 1 (15)
Tree: 27 28 29 30 31 32 33 34 35 36 36 36 37 37 37 669 817 906 952 
314 1 -1 53 (12)
Tree: 27 28 29 30 31 32 33 34 35 35 817 906 952 
314 1 -1 330 (15)
Tree: 27 28 29 30 31 32 33 34 35 36 37 669 817 906 952 
314 1 -1 111 (15)
Tree: 27 27 28 28 29 29 30 30 31 31 32 32 33 33 34 34 35 35 36 36 37 37 669 817 817 906 906 952 952 
ITER 3
314 1 -1 431 -1 53 (12)
Tree: 27 28 29 30 31 32 33 34 35 817 906 952 
314 1 -1 431 -1 1 (12)
Tree: 27 28 29 30 31 32 33 34 35 817 906 952 
314 1 -1 431 -1 330 (12)
Tree: 27 28 29 30 31 32 33 34 35 817 906 952 
314 1 -1 431 -1 111 (12)
Tree: 27 28 29 30 31 32 33 34 35 817 906 952 
ITER 4
314 1 -1 431 -1 53 1 (11)
Tree: 27 28 29 30 31 32 33 34 817 906 952 
314 1 -1 431 -1 53 111 (12)
Tree: 27 28 29 30 31 32 33 34 35 817 906 952 
ITER 5
314 1 -1 431 -1 53 1 -1 111 (11)
Tree: 27 28 29 30 31 32 33 34 817 906 952 
ITER 4
314 1 -1 431 -1 1 -1 111 (12)
Tree: 27 28 29 30 31 32 33 34 35 817 906 952 
ITER 4
314 1 -1 431 -1 330 -1 53 (12)
Tree: 27 28 29 30 31 32 33 34 35 817 906 952 
314 1 -1 431 -1 330 -1 1 (12)
Tree: 27 28 29 30 31 32 33 34 35 817 906 952 
314 1 -1 431 -1 330 -1 111 (12)
Tree: 27 28 29 30 31 32 33 34 35 817 906 952 
ITER 5
314 1 -1 431 -1 330 -1 53 1 (11)
Tree: 27 28 29 30 31 32 33 34 817 906 952 
314 1 -1 431 -1 330 -1 53 111 (12)
Tree: 27 28 29 30 31 32 33 34 35 817 906 952 
ITER 6
314 1 -1 431 -1 330 -1 53 1 -1 111 (11)
Tree: 27 28 29 30 31 32 33 34 817 906 952 
ITER 5
314 1 -1 431 -1 330 -1 1 -1 111 (12)
Tree: 27 28 29 30 31 32 33 34 35 817 906 952 
ITER 3
314 1 -1 53 1 (11)
Tree: 27 28 29 30 31 32 33 34 817 906 952 
314 1 -1 53 111 (12)
Tree: 27 28 29 30 31 32 33 34 35 35 817 906 952 
ITER 4
314 1 -1 53 1 -1 111 (11)
Tree: 27 28 29 30 31 32 33 34 817 906 952 
ITER 3
314 1 -1 1 -1 111 (14)
Tree: 27 28 29 30 31 32 33 34 35 36 37 817 906 952 
ITER 3
314 1 -1 330 -1 53 (12)
Tree: 27 28 29 30 31 32 33 34 35 817 906 952 
314 1 -1 330 -1 1 (15)
Tree: 27 28 29 30 31 32 33 34 35 36 36 37 37 669 817 906 952 
314 1 -1 330 -1 111 (15)
Tree: 27 28 29 30 31 32 33 34 35 36 37 669 817 906 952 
ITER 4
314 1 -1 330 -1 53 1 (11)
Tree: 27 28 29 30 31 32 33 34 817 906 952 
314 1 -1 330 -1 53 111 (12)
Tree: 27 28 29 30 31 32 33 34 35 817 906 952 
ITER 5
314 1 -1 330 -1 53 1 -1 111 (11)
Tree: 27 28 29 30 31 32 33 34 817 906 952 
ITER 4
314 1 -1 330 -1 1 -1 111 (14)
Tree: 27 28 29 30 31 32 33 34 35 36 37 817 906 952 
ITER 2
314 53 1 (11)
Tree: 27 28 29 30 31 32 33 34 817 906 952 
314 53 111 (12)
Tree: 27 28 29 30 31 32 33 34 35 817 906 952 
ITER 3
314 53 1 -1 111 (11)
Tree: 27 28 29 30 31 32 33 34 817 906 952 
ITER 2
314 330 -1 1 (15)
Tree: 27 28 29 30 31 32 33 34 35 36 36 37 37 669 817 906 952 
314 330 -1 53 (13)
Tree: 23 27 28 29 30 31 32 33 34 35 817 906 952 
314 330 -1 111 (16)
Tree: 27 28 29 30 31 32 33 34 35 36 37 487 669 817 906 952 
ITER 3
314 330 -1 53 1 (11)
Tree: 27 28 29 30 31 32 33 34 817 906 952 
314 330 -1 53 111 (12)
Tree: 27 28 29 30 31 32 33 34 35 817 906 952 
ITER 4
314 330 -1 53 1 -1 111 (11)
Tree: 27 28 29 30 31 32 33 34 817 906 952 
ITER 3
314 330 -1 1 -1 111 (14)
Tree: 27 28 29 30 31 32 33 34 35 36 37 817 906 952 
ITER 2
314 229 -1 477 (18)
Tree: 23 488 489 613 614 614 615 615 616 616 617 617 701 702 703 704 705 707 708 867 868 927 
ITER 2
314 40 -1 431 (12)
Tree: 27 28 29 30 31 32 33 34 35 817 906 952 
314 40 -1 1 (15)
Tree: 27 27 28 28 29 29 30 30 31 31 32 32 33 33 34 34 35 35 36 36 36 37 37 37 669 669 817 817 906 906 952 952 
314 40 -1 53 (12)
Tree: 27 28 29 30 31 32 33 34 35 817 906 952 
314 40 -1 330 (15)
Tree: 27 28 29 30 31 32 33 34 35 36 37 669 817 906 952 
314 40 -1 111 (15)
Tree: 27 28 29 30 31 32 33 34 35 36 37 669 817 906 952 
ITER 3
314 40 -1 431 -1 53 (12)
Tree: 27 28 29 30 31 32 33 34 35 817 906 952 
314 40 -1 431 -1 1 (12)
Tree: 27 28 29 30 31 32 33 34 35 817 906 952 
314 40 -1 431 -1 330 (12)
Tree: 27 28 29 30 31 32 33 34 35 817 906 952 
314 40 -1 431 -1 111 (12)
Tree: 27 28 29 30 31 32 33 34 35 817 906 952 
ITER 4
314 40 -1 431 -1 53 1 (11)
Tree: 27 28 29 30 31 32 33 34 817 906 952 
314 40 -1 431 -1 53 111 (12)
Tree: 27 28 29 30 31 32 33 34 35 817 906 952 
ITER 5
314 40 -1 431 -1 53 1 -1 111 (11)
Tree: 27 28 29 30 31 32 33 34 817 906 952 
ITER 4
314 40 -1 431 -1 1 -1 111 (12)
Tree: 27 28 29 30 31 32 33 34 35 817 906 952 
ITER 4
314 40 -1 431 -1 330 -1 53 (12)
Tree: 27 28 29 30 31 32 33 34 35 817 906 952 
314 40 -1 431 -1 330 -1 1 (12)
Tree: 27 28 29 30 31 32 33 34 35 817 906 952 
314 40 -1 431 -1 330 -1 111 (12)
Tree: 27 28 29 30 31 32 33 34 35 817 906 952 
ITER 5
314 40 -1 431 -1 330 -1 53 1 (11)
Tree: 27 28 29 30 31 32 33 34 817 906 952 
314 40 -1 431 -1 330 -1 53 111 (12)
Tree: 27 28 29 30 31 32 33 34 35 817 906 952 
ITER 6
314 40 -1 431 -1 330 -1 53 1 -1 111 (11)
Tree: 27 28 29 30 31 32 33 34 817 906 952 
ITER 5
314 40 -1 431 -1 330 -1 1 -1 111 (12)
Tree: 27 28 29 30 31 32 33 34 35 817 906 952 
ITER 3
314 40 -1 53 1 (11)
Tree: 27 28 29 30 31 32 33 34 817 906 952 
314 40 -1 53 111 (12)
Tree: 27 28 29 30 31 32 33 34 35 817 906 952 
ITER 4
314 40 -1 53 1 -1 111 (11)
Tree: 27 28 29 30 31 32 33 34 817 906 952 
ITER 3
314 40 -1 1 -1 431 (12)
Tree: 27 28 29 30 31 32 33 34 35 817 906 952 
314 40 -1 1 -1 53 (12)
Tree: 27 28 29 30 31 32 33 34 35 35 817 906 952 
314 40 -1 1 -1 1 (15)
Tree: 27 28 29 30 31 32 33 34 35 36 36 36 37 37 37 669 817 906 952 
314 40 -1 1 -1 330 (15)
Tree: 27 28 29 30 31 32 33 34 35 36 37 669 817 906 952 
314 40 -1 1 -1 111 (15)
Tree: 27 27 28 28 29 29 30 30 31 31 32 32 33 33 34 34 35 35 36 36 37 37 669 817 817 906 906 952 952 
ITER 4
314 40 -1 1 -1 431 -1 53 (12)
Tree: 27 28 29 30 31 32 33 34 35 817 906 952 
314 40 -1 1 -1 431 -1 1 (12)
Tree: 27 28 29 30 31 32 33 34 35 817 906 952 
314 40 -1 1 -1 431 -1 330 (12)
Tree: 27 28 29 30 31 32 33 34 35 817 906 952 
314 40 -1 1 -1 431 -1 111 (12)
Tree: 27 28 29 30 31 32 33 34 35 817 906 952 
ITER 5
314 40 -1 1 -1 431 -1 53 1 (11)
Tree: 27 28 29 30 31 32 33 34 817 906 952 
314 40 -1 1 -1 431 -1 53 111 (12)
Tree: 27 28 29 30 31 32 33 34 35 817 906 952 
ITER 6
314 40 -1 1 -1 431 -1 53 1 -1 111 (11)
Tree: 27 28 29 30 31 32 33 34 817 906 952 
ITER 5
314 40 -1 1 -1 431 -1 1 -1 111 (12)
Tree: 27 28 29 30 31 32 33 34 35 817 906 952 
ITER 5
314 40 -1 1 -1 431 -1 330 -1 53 (12)
Tree: 27 28 29 30 31 32 33 34 35 817 906 952 
314 40 -1 1 -1 431 -1 330 -1 1 (12)
Tree: 27 28 29 30 31 32 33 34 35 817 906 952 
314 40 -1 1 -1 431 -1 330 -1 111 (12)
Tree: 27 28 29 30 31 32 33 34 35 817 906 952 
ITER 6
314 40 -1 1 -1 431 -1 330 -1 53 1 (11)
Tree: 27 28 29 30 31 32 33 34 817 906 952 
314 40 -1 1 -1 431 -1 330 -1 53 111 (12)
Tree: 27 28 29 30 31 32 33 34 35 817 906 952 
ITER 7
314 40 -1 1 -1 431 -1 330 -1 53 1 -1 111 (11)
Tree: 27 28 29 30 31 32 33 34 817 906 952 
ITER 6
314 40 -1 1 -1 431 -1 330 -1 1 -1 111 (12)
Tree: 27 28 29 30 31 32 33 34 35 817 906 952 
ITER 4
314 40 -1 1 -1 53 1 (11)
Tree: 27 28 29 30 31 32 33 34 817 906 952 
314 40 -1 1 -1 53 111 (12)
Tree: 27 28 29 30 31 32 33 34 35 35 817 906 952 
ITER 5
314 40 -1 1 -1 53 1 -1 111 (11)
Tree: 27 28 29 30 31 32 33 34 817 906 952 
ITER 4
314 40 -1 1 -1 1 -1 111 (14)
Tree: 27 28 29 30 31 32 33 34 35 36 37 817 906 952 
ITER 4
314 40 -1 1 -1 330 -1 53 (12)
Tree: 27 28 29 30 31 32 33 34 35 817 906 952 
314 40 -1 1 -1 330 -1 1 (15)
Tree: 27 28 29 30 31 32 33 34 35 36 36 37 37 669 817 906 952 
314 40 -1 1 -1 330 -1 111 (15)
Tree: 27 28 29 30 31 32 33 34 35 36 37 669 817 906 952 
ITER 5
314 40 -1 1 -1 330 -1 53 1 (11)
Tree: 27 28 29 30 31 32 33 34 817 906 952 
314 40 -1 1 -1 330 -1 53 111 (12)
Tree: 27 28 29 30 31 32 33 34 35 817 906 952 
ITER 6
314 40 -1 1 -1 330 -1 53 1 -1 111 (11)
Tree: 27 28 29 30 31 32 33 34 817 906 952 
ITER 5
314 40 -1 1 -1 330 -1 1 -1 111 (14)
Tree: 27 28 29 30 31 32 33 34 35 36 37 817 906 952 
ITER 3
314 40 -1 330 -1 53 (12)
Tree: 27 28 29 30 31 32 33 34 35 817 906 952 
314 40 -1 330 -1 1 (15)
Tree: 27 28 29 30 31 32 33 34 35 36 36 37 37 669 817 906 952 
314 40 -1 330 -1 111 (15)
Tree: 27 28 29 30 31 32 33 34 35 36 37 669 817 906 952 
ITER 4
314 40 -1 330 -1 53 1 (11)
Tree: 27 28 29 30 31 32 33 34 817 906 952 
314 40 -1 330 -1 53 111 (12)
Tree: 27 28 29 30 31 32 33 34 35 817 906 952 
ITER 5
314 40 -1 330 -1 53 1 -1 111 (11)
Tree: 27 28 29 30 31 32 33 34 817 906 952 
ITER 4
314 40 -1 330 -1 1 -1 111 (14)
Tree: 27 28 29 30 31 32 33 34 35 36 37 817 906 952 
ITER 2
314 477 -1 229 (15)
Tree: 613 614 615 616 617 701 702 703 704 705 707 708 867 868 929 
314 477 -1 477 (17)
Tree: 415 613 614 614 614 615 615 615 616 616 616 617 617 617 669 701 702 703 704 705 706 706 706 707 708 867 868 
314 477 -1 319 (26)
Tree: 23 415 415 415 421 450 480 613 614 615 616 617 700 701 702 703 704 705 706 706 706 707 708 709 798 867 868 885 911 929 
ITER 3
314 477 -1 229 -1 477 (14)
Tree: 613 614 614 615 615 616 616 617 617 701 702 703 704 705 707 708 867 868 
ITER 3
314 477 -1 319 -1 229 (15)
Tree: 613 614 615 616 617 701 702 703 704 705 707 708 867 868 929 
314 477 -1 319 -1 477 (16)
Tree: 415 613 614 614 615 615 616 616 617 617 701 702 703 704 705 706 706 706 706 707 708 867 868 
ITER 4
314 477 -1 319 -1 229 -1 477 (14)
Tree: 613 614 614 615 615 616 616 617 617 701 702 703 704 705 707 708 867 868 
ITER 2
314 319 -1 229 (19)
Tree: 23 488 489 613 614 615 616 617 701 702 703 704 705 707 708 867 868 927 929 
314 319 -1 477 (24)
Tree: 23 415 421 485 486 488 489 613 614 614 615 615 616 616 617 617 669 669 701 702 703 704 705 706 706 706 707 708 867 868 927 
ITER 3
314 319 -1 229 -1 477 (18)
Tree: 23 488 489 613 614 614 615 615 616 616 617 617 701 702 703 704 705 707 708 867 868 927 
226 91 (11)
Tree: 431 432 436 437 439 440 804 814 816 870 909 
93 116 (87)
Tree: 317 318 319 320 321 322 323 324 325 326 327 328 329 330 331 332 333 334 335 336 337 338 339 340 341 342 343 344 345 346 347 348 349 350 351 352 353 354 355 356 357 358 359 360 361 362 363 364 365 366 367 368 369 370 371 372 373 374 375 376 377 378 379 380 381 382 383 384 421 489 708 796 818 819 822 825 831 838 840 876 881 882 886 907 928 936 954 
329 112 (112)
Tree: 89 94 95 96 97 98 99 100 101 102 103 104 105 106 107 108 109 110 111 112 113 114 115 116 117 118 119 120 121 122 123 124 125 126 127 128 129 130 131 132 133 134 135 136 137 138 139 140 141 142 143 144 145 146 147 148 149 150 151 152 153 154 155 156 157 158 159 168 169 760 761 1046 1047 1048 1049 1050 1051 1052 1053 1054 1055 1056 1057 1058 1059 1060 1061 1062 1063 1064 1065 1066 1067 1068 1069 1070 1071 1072 1073 1074 1075 1076 1077 1078 1079 1080 1081 1082 1083 1084 1085 1086 
329 111 (49)
Tree: 51 52 53 54 55 56 57 58 59 60 61 62 63 64 65 66 67 68 69 70 71 72 73 74 75 76 77 78 79 80 81 82 168 168 168 169 169 169 1004 1004 1005 1006 1007 1008 1009 1010 1011 1012 1013 1014 1015 1016 1017 1018 
91 344 (11)
Tree: 437 437 440 457 458 459 460 460 460 460 625 626 794 795 795 795 795 804 
91 485 (26)
Tree: 8 8 9 9 416 417 418 439 440 459 460 461 463 464 465 466 467 789 791 794 795 813 815 843 938 941 944 947 
91 116 (129)
Tree: 93 160 182 183 184 185 186 187 188 189 190 191 192 193 194 195 196 197 198 199 200 201 202 203 204 205 206 207 208 209 210 211 212 213 214 215 216 217 218 219 220 221 222 223 224 225 226 227 228 229 230 231 232 233 234 235 236 237 238 239 240 241 242 243 244 245 246 247 248 249 250 251 252 253 254 255 256 257 258 259 260 261 262 263 264 265 266 267 268 269 270 271 272 273 274 275 276 277 278 279 280 281 282 283 284 285 286 287 288 289 407 790 792 793 806 810 835 841 842 844 912 915 916 917 922 923 924 932 1045 
91 477 (16)
Tree: 431 439 439 440 458 458 459 459 459 459 460 460 460 460 463 464 465 466 467 794 794 794 794 795 795 795 795 804 814 816 
ITER 2
91 485 -1 477 (10)
Tree: 439 459 459 459 459 460 460 460 460 463 464 465 466 467 794 794 794 794 795 795 795 795 
112 330 (27)
Tree: 48 161 162 163 164 165 166 167 168 169 170 171 172 173 174 175 176 177 178 179 180 181 1087 1088 1089 1090 1091 
112 322 (57)
Tree: 561 562 563 564 565 566 567 568 569 570 571 572 573 574 575 576 577 578 579 580 581 582 583 584 585 586 587 588 589 590 591 592 593 594 595 1022 1023 1024 1025 1026 1027 1028 1029 1030 1031 1032 1033 1034 1035 1036 1037 1038 1039 1040 1041 1042 1043 
112 329 (10)
Tree: 165 166 167 174 175 176 177 178 179 1091 
112 319 (11)
Tree: 3 4 12 48 170 170 171 171 172 172 173 173 173 885 931 1090 1090 
112 477 (10)
Tree: 3 3 4 4 12 12 648 710 809 885 931 931 962 968 968 
112 111 (29)
Tree: 3 4 161 162 163 164 165 166 167 168 169 170 171 172 173 173 174 175 176 177 178 179 648 809 931 1087 1088 1089 1090 1091 
ITER 2
112 330 -1 329 (10)
Tree: 165 166 167 174 175 176 177 178 179 1091 
112 330 -1 111 (24)
Tree: 161 162 163 164 165 166 167 168 169 170 171 172 173 173 174 175 176 177 178 179 1087 1088 1089 1090 1091 
ITER 3
112 330 -1 111 -1 329 (10)
Tree: 165 166 167 174 175 176 177 178 179 1091 
ITER 2
112 111 -1 329 (10)
Tree: 165 166 167 174 175 176 177 178 179 1091 
111 401 (13)
Tree: 650 651 652 653 654 655 656 657 658 778 827 828 829 
111 421 (13)
Tree: 3 4 50 483 619 620 669 808 857 858 931 956 967 
111 344 (11)
Tree: 6 6 38 42 50 462 605 660 698 743 850 956 
111 53 (12)
Tree: 483 619 620 640 740 741 808 857 858 862 898 901 
111 237 (44)
Tree: 438 488 619 620 673 677 678 679 680 681 682 683 684 685 686 687 688 689 690 691 692 693 694 695 696 697 698 845 848 849 850 852 853 856 857 858 859 860 861 862 864 865 866 967 
111 1 (28)
Tree: 0 1 2 3 4 5 6 36 37 426 427 428 429 446 452 462 462 480 669 877 891 903 911 931 933 940 943 946 949 
111 330 (15)
Tree: 2 48 83 84 641 646 834 862 887 889 914 933 1019 1020 1021 
111 337 (61)
Tree: 3 3 4 4 438 459 460 604 606 640 711 712 713 714 715 716 717 718 719 720 721 722 723 724 725 726 727 728 729 730 731 732 733 734 735 736 740 741 744 745 773 774 775 776 794 795 863 871 872 873 890 891 892 893 894 895 896 897 898 899 900 901 931 931 
111 93 (13)
Tree: 0 2 2 2 21 38 89 89 89 426 427 428 456 637 677 850 903 
111 485 (34)
Tree: 2 2 5 6 19 42 47 85 86 87 88 452 480 637 641 642 643 644 645 646 647 739 765 788 803 851 855 877 887 888 889 911 914 933 957 
111 322 (97)
Tree: 495 496 497 498 499 500 501 502 503 504 505 506 507 508 509 510 511 512 513 514 515 516 517 518 519 520 521 522 523 524 525 526 527 528 529 530 531 532 533 534 535 536 537 538 539 540 541 542 543 544 545 546 547 548 549 550 551 552 553 554 555 556 557 558 559 560 970 971 972 973 974 975 976 977 978 979 980 981 982 983 984 985 986 987 988 989 990 991 992 993 994 995 996 997 998 999 1000 
111 319 (74)
Tree: 2 3 3 3 4 4 4 5 19 19 21 43 44 44 45 45 46 46 47 48 49 49 50 89 89 89 89 173 173 438 446 452 456 462 480 483 619 620 638 639 640 650 651 652 653 654 655 656 657 658 669 675 697 698 706 736 736 740 741 744 745 808 827 828 829 834 850 857 858 862 863 898 901 911 914 931 931 931 933 940 943 946 949 956 959 959 959 959 967 1001 1001 1002 1002 1003 1003 1004 1004 
111 112 (18)
Tree: 3 4 6 46 46 48 83 84 89 89 89 89 89 90 91 92 173 456 891 931 1019 1020 1044 
111 477 (130)
Tree: 3 3 3 4 4 4 42 50 420 438 457 458 462 479 480 488 605 637 637 638 639 640 641 642 643 644 645 646 647 647 660 663 667 669 673 675 675 677 678 679 680 681 682 683 684 685 686 687 688 689 690 691 692 693 694 695 696 697 697 697 698 706 711 712 713 714 715 716 717 718 719 720 721 722 723 724 725 726 727 728 729 730 731 732 733 734 735 736 739 743 744 745 753 773 774 775 776 778 834 845 846 847 848 849 850 851 852 853 855 856 859 860 861 862 863 864 865 866 871 872 873 887 888 889 890 891 892 893 894 895 896 897 899 900 901 911 931 931 931 956 959 959 
111 111 (20)
Tree: 2 3 4 19 44 45 46 89 462 640 736 740 741 898 931 959 1001 1002 1003 1004 
ITER 2
111 53 319 (12)
Tree: 483 619 620 640 740 741 808 857 858 862 898 901 
ITER 2
111 111 319 (14)
Tree: 3 4 19 44 45 46 89 89 736 931 959 959 1001 1002 1003 1004 
ITER 2
111 1 -1 319 (16)
Tree: 2 3 3 4 4 5 446 452 462 462 480 669 911 931 931 933 940 943 946 949 
ITER 2
111 319 -1 401 (12)
Tree: 650 651 652 653 654 655 656 657 658 827 828 829 
111 319 -1 337 (11)
Tree: 3 3 4 4 438 640 740 741 744 745 863 898 931 931 
111 319 -1 477 (15)
Tree: 3 3 4 4 50 438 462 669 675 697 706 744 745 863 931 931 956 959 959 959 959 
ITER 2
111 477 -1 485 (14)
Tree: 637 637 641 642 643 644 645 646 647 739 851 855 887 888 889 
111 477 -1 237 (39)
Tree: 438 488 673 677 678 679 680 681 682 683 684 685 686 687 688 689 690 691 692 693 694 695 696 697 698 845 848 849 850 852 853 856 859 860 861 862 864 865 866 
111 477 -1 337 (52)
Tree: 3 3 3 4 4 4 438 640 711 712 713 714 715 716 717 718 719 720 721 722 723 724 725 726 727 728 729 730 731 732 733 734 735 736 744 745 773 774 775 776 863 871 872 873 890 891 892 893 894 895 896 897 899 900 901 931 931 931 
111 477 -1 319 (16)
Tree: 3 4 480 638 639 640 675 697 697 698 736 834 850 862 901 911 931 
TIME = 0.014797
