0 0 8 111 1 -1 93 -1 135 -1 -1
1 1 4 111 1 -1 -1
2 2 30 111 1 -1 93 319 -1 330 -1 111 294 -1 93 -1 110 -1 246 362 529 -1 -1 126 485 -1 40 -1 -1 -1 -1 -1 -1
3 3 22 111 1 -1 319 112 119 421 477 -1 111 319 -1 477 -1 337 -1 -1 -1 -1 -1 -1 -1
4 4 22 111 1 -1 319 112 119 421 477 -1 111 319 -1 477 -1 337 -1 -1 -1 -1 -1 -1 -1
5 5 22 111 1 -1 302 319 -1 201 -1 205 528 190 -1 -1 485 -1 45 201 -1 -1 -1 -1 -1
6 6 42 341 111 1 -1 279 476 -1 496 199 -1 112 -1 344 -1 -1 496 485 -1 373 -1 344 -1 -1 -1 -1 60 -1 40 -1 12 485 -1 468 508 -1 -1 -1 118 293 -1 -1 -1
7 7 22 511 1 -1 112 -1 125 485 -1 109 477 -1 512 190 -1 439 -1 433 -1 -1 -1 -1 -1
8 8 78 511 1 -1 112 -1 489 476 -1 420 525 -1 91 485 -1 292 481 -1 -1 -1 -1 287 477 -1 410 -1 17 -1 514 -1 -1 17 -1 488 420 525 -1 91 485 -1 292 481 -1 -1 -1 -1 146 -1 313 -1 457 465 -1 -1 17 -1 509 15 -1 457 38 -1 -1 490 229 -1 48 -1 17 -1 291 168 -1 -1 -1 -1 -1 -1 -1
9 9 78 511 1 -1 112 -1 489 476 -1 420 525 -1 91 485 -1 292 481 -1 -1 -1 -1 287 477 -1 410 -1 17 -1 514 -1 -1 17 -1 488 420 525 -1 91 485 -1 292 481 -1 -1 -1 -1 146 -1 313 -1 457 465 -1 -1 17 -1 509 15 -1 457 38 -1 -1 490 229 -1 48 -1 17 -1 291 168 -1 -1 -1 -1 -1 -1 -1
10 10 18 134 1 -1 84 528 13 -1 -1 440 -1 530 -1 40 -1 53 -1 -1 -1
11 11 16 522 1 -1 277 -1 393 -1 208 73 485 -1 155 -1 -1 -1 -1
12 12 16 112 1 -1 431 -1 434 477 -1 531 319 -1 477 -1 -1 -1 -1
13 13 12 283 1 -1 444 -1 297 485 -1 40 -1 -1 -1
14 14 18 6 511 1 -1 -1 120 485 -1 477 -1 -1 453 190 -1 315 -1 -1 -1
15 15 18 6 511 1 -1 -1 120 485 -1 477 -1 -1 453 190 -1 315 -1 -1 -1
16 16 26 6 434 7 -1 -1 426 485 -1 321 -1 134 319 -1 155 -1 -1 -1 421 229 -1 477 -1 337 -1 -1 -1
17 17 26 6 434 7 -1 -1 426 485 -1 321 -1 134 319 -1 155 -1 -1 -1 421 229 -1 477 -1 337 -1 -1 -1
18 18 26 6 434 7 -1 -1 426 485 -1 321 -1 134 319 -1 155 -1 -1 -1 421 229 -1 477 -1 337 -1 -1 -1
19 19 12 111 16 -1 111 319 -1 -1 5 485 -1 -1 -1
20 20 8 111 16 -1 300 -1 135 -1 -1
21 21 12 314 18 -1 111 319 -1 93 -1 135 -1 -1 -1
22 22 6 33 407 485 -1 -1 -1
23 23 36 53 526 314 56 -1 74 319 -1 330 -1 53 -1 526 404 251 -1 61 229 -1 477 -1 268 319 -1 251 -1 135 -1 -1 -1 -1 -1 -1 -1 -1 -1
24 24 38 53 93 526 -1 511 155 -1 -1 246 -1 93 -1 404 -1 53 -1 404 -1 330 -1 53 526 404 251 -1 268 190 -1 251 -1 135 -1 -1 -1 -1 -1 -1 -1
25 25 60 192 55 -1 116 -1 326 130 320 -1 11 -1 -1 -1 54 -1 161 530 -1 519 1 -1 -1 217 226 -1 273 535 -1 -1 270 1 -1 130 319 -1 -1 -1 409 430 -1 201 481 -1 -1 530 -1 438 515 -1 -1 61 229 -1 476 -1 -1 -1 -1 -1 -1
26 26 14 53 60 -1 40 -1 1 -1 431 -1 314 -1 251 -1 -1
27 27 18 314 60 -1 40 -1 1 -1 431 -1 330 -1 53 1 -1 111 -1 -1 -1
28 28 18 314 60 -1 40 -1 1 -1 431 -1 330 -1 53 1 -1 111 -1 -1 -1
29 29 18 314 60 -1 40 -1 1 -1 431 -1 330 -1 53 1 -1 111 -1 -1 -1
30 30 18 314 60 -1 40 -1 1 -1 431 -1 330 -1 53 1 -1 111 -1 -1 -1
31 31 18 314 60 -1 40 -1 1 -1 431 -1 330 -1 53 1 -1 111 -1 -1 -1
32 32 18 314 60 -1 40 -1 1 -1 431 -1 330 -1 53 1 -1 111 -1 -1 -1
33 33 18 314 60 -1 40 -1 1 -1 431 -1 330 -1 53 1 -1 111 -1 -1 -1
34 34 18 314 60 -1 40 -1 1 -1 431 -1 330 -1 53 1 -1 111 -1 -1 -1
35 35 22 314 60 -1 40 -1 1 -1 431 -1 330 -1 159 1 -1 321 -1 53 111 -1 -1 -1 -1
36 36 26 314 60 -1 40 -1 1 -1 513 -1 24 319 -1 330 -1 75 1 -1 -1 111 265 -1 1 -1 -1 -1 -1
37 37 26 314 60 -1 40 -1 1 -1 513 -1 24 319 -1 330 -1 75 1 -1 -1 111 265 -1 1 -1 -1 -1 -1
38 38 8 111 93 -1 110 -1 344 -1 -1
39 39 12 99 400 527 -1 485 -1 398 312 -1 -1 -1 -1
40 40 4 53 111 -1 -1
41 41 4 53 111 -1 -1
42 42 12 111 95 238 -1 344 485 -1 477 -1 -1 -1 -1
43 43 8 111 225 319 -1 107 -1 -1 -1
44 44 6 111 111 319 -1 -1 -1
45 45 6 111 111 319 -1 -1 -1
46 46 12 111 111 319 -1 112 -1 116 -1 162 -1 -1 -1
47 47 10 111 180 319 -1 -1 97 485 -1 -1 -1
48 48 14 111 112 319 -1 367 -1 330 -1 129 487 -1 -1 -1 -1
49 49 12 111 380 319 -1 288 319 -1 214 -1 -1 -1 -1
50 50 14 111 421 319 -1 477 -1 412 -1 -1 344 25 -1 -1 -1
51 51 4 329 111 -1 -1
52 52 4 329 111 -1 -1
53 53 4 329 111 -1 -1
54 54 4 329 111 -1 -1
55 55 4 329 111 -1 -1
56 56 4 329 111 -1 -1
57 57 4 329 111 -1 -1
58 58 4 329 111 -1 -1
59 59 4 329 111 -1 -1
60 60 4 329 111 -1 -1
61 61 4 329 111 -1 -1
62 62 4 329 111 -1 -1
63 63 4 329 111 -1 -1
64 64 4 329 111 -1 -1
65 65 4 329 111 -1 -1
66 66 4 329 111 -1 -1
67 67 4 329 111 -1 -1
68 68 4 329 111 -1 -1
69 69 4 329 111 -1 -1
70 70 4 329 111 -1 -1
71 71 4 329 111 -1 -1
72 72 4 329 111 -1 -1
73 73 4 329 111 -1 -1
74 74 4 329 111 -1 -1
75 75 4 329 111 -1 -1
76 76 4 329 111 -1 -1
77 77 4 329 111 -1 -1
78 78 4 329 111 -1 -1
79 79 4 329 111 -1 -1
80 80 4 329 111 -1 -1
81 81 4 329 111 -1 -1
82 82 4 329 111 -1 -1
83 83 6 111 330 -1 112 -1 -1
84 84 6 111 330 -1 112 -1 -1
85 85 6 111 52 485 -1 -1 -1
86 86 12 111 182 485 -1 113 532 -1 382 -1 -1 -1 -1
87 87 6 111 416 485 -1 -1 -1
88 88 6 111 416 485 -1 -1 -1
89 89 24 111 112 -1 93 -1 111 319 -1 367 -1 112 -1 93 -1 329 319 -1 367 -1 112 -1 -1 -1 -1
90 90 4 111 112 -1 -1
91 91 4 111 112 -1 -1
92 92 4 111 112 -1 -1
93 93 6 91 112 -1 116 -1 -1
94 94 4 329 112 -1 -1
95 95 4 329 112 -1 -1
96 96 4 329 112 -1 -1
97 97 4 329 112 -1 -1
98 98 4 329 112 -1 -1
99 99 4 329 112 -1 -1
100 100 4 329 112 -1 -1
101 101 4 329 112 -1 -1
102 102 4 329 112 -1 -1
103 103 4 329 112 -1 -1
104 104 4 329 112 -1 -1
105 105 4 329 112 -1 -1
106 106 4 329 112 -1 -1
107 107 4 329 112 -1 -1
108 108 4 329 112 -1 -1
109 109 4 329 112 -1 -1
110 110 4 329 112 -1 -1
111 111 4 329 112 -1 -1
112 112 4 329 112 -1 -1
113 113 4 329 112 -1 -1
114 114 4 329 112 -1 -1
115 115 4 329 112 -1 -1
116 116 4 329 112 -1 -1
117 117 4 329 112 -1 -1
118 118 4 329 112 -1 -1
119 119 4 329 112 -1 -1
120 120 4 329 112 -1 -1
121 121 4 329 112 -1 -1
122 122 4 329 112 -1 -1
123 123 4 329 112 -1 -1
124 124 4 329 112 -1 -1
125 125 4 329 112 -1 -1
126 126 4 329 112 -1 -1
127 127 4 329 112 -1 -1
128 128 4 329 112 -1 -1
129 129 4 329 112 -1 -1
130 130 4 329 112 -1 -1
131 131 4 329 112 -1 -1
132 132 4 329 112 -1 -1
133 133 4 329 112 -1 -1
134 134 4 329 112 -1 -1
135 135 4 329 112 -1 -1
136 136 4 329 112 -1 -1
137 137 4 329 112 -1 -1
138 138 4 329 112 -1 -1
139 139 4 329 112 -1 -1
140 140 4 329 112 -1 -1
141 141 4 329 112 -1 -1
142 142 4 329 112 -1 -1
143 143 4 329 112 -1 -1
144 144 4 329 112 -1 -1
145 145 4 329 112 -1 -1
146 146 4 329 112 -1 -1
147 147 4 329 112 -1 -1
148 148 4 329 112 -1 -1
149 149 4 329 112 -1 -1
150 150 4 329 112 -1 -1
151 151 4 329 112 -1 -1
152 152 4 329 112 -1 -1
153 153 4 329 112 -1 -1
154 154 4 329 112 -1 -1
155 155 4 329 112 -1 -1
156 156 4 329 112 -1 -1
157 157 4 329 112 -1 -1
158 158 4 329 112 -1 -1
159 159 4 329 112 -1 -1
160 160 8 91 112 -1 329 -1 116 -1 -1
161 161 6 112 330 -1 111 -1 -1
162 162 6 112 330 -1 111 -1 -1
163 163 6 112 330 -1 111 -1 -1
164 164 6 112 330 -1 111 -1 -1
165 165 10 112 330 -1 111 -1 53 -1 329 -1 -1
166 166 10 112 330 -1 111 -1 53 -1 329 -1 -1
167 167 10 112 330 -1 111 -1 53 -1 329 -1 -1
168 168 22 329 53 112 330 -1 111 -1 -1 330 -1 53 111 -1 330 -1 53 111 -1 -1 -1 -1 -1
169 169 22 329 53 112 330 -1 111 -1 -1 330 -1 53 111 -1 330 -1 53 111 -1 -1 -1 -1 -1
170 170 12 112 330 -1 111 -1 112 319 -1 367 -1 -1 -1
171 171 12 112 330 -1 111 -1 112 319 -1 367 -1 -1 -1
172 172 12 112 330 -1 111 -1 112 319 -1 367 -1 -1 -1
173 173 18 112 330 -1 111 -1 111 319 -1 495 -1 112 319 -1 367 -1 -1 -1 -1
174 174 8 112 330 -1 111 -1 329 -1 -1
175 175 8 112 330 -1 111 -1 329 -1 -1
176 176 8 112 330 -1 111 -1 329 -1 -1
177 177 8 112 330 -1 111 -1 329 -1 -1
178 178 8 112 330 -1 111 -1 329 -1 -1
179 179 8 112 330 -1 111 -1 329 -1 -1
180 180 8 129 112 330 -1 487 -1 -1 -1
181 181 8 129 112 330 -1 487 -1 -1 -1
182 182 4 91 116 -1 -1
183 183 4 91 116 -1 -1
184 184 4 91 116 -1 -1
185 185 4 91 116 -1 -1
186 186 4 91 116 -1 -1
187 187 4 91 116 -1 -1
188 188 4 91 116 -1 -1
189 189 4 91 116 -1 -1
190 190 4 91 116 -1 -1
191 191 4 91 116 -1 -1
192 192 4 91 116 -1 -1
193 193 4 91 116 -1 -1
194 194 4 91 116 -1 -1
195 195 4 91 116 -1 -1
196 196 4 91 116 -1 -1
197 197 4 91 116 -1 -1
198 198 4 91 116 -1 -1
199 199 4 91 116 -1 -1
200 200 4 91 116 -1 -1
201 201 4 91 116 -1 -1
202 202 4 91 116 -1 -1
203 203 4 91 116 -1 -1
204 204 4 91 116 -1 -1
205 205 4 91 116 -1 -1
206 206 4 91 116 -1 -1
207 207 4 91 116 -1 -1
208 208 4 91 116 -1 -1
209 209 4 91 116 -1 -1
210 210 4 91 116 -1 -1
211 211 4 91 116 -1 -1
212 212 4 91 116 -1 -1
213 213 4 91 116 -1 -1
214 214 4 91 116 -1 -1
215 215 4 91 116 -1 -1
216 216 4 91 116 -1 -1
217 217 4 91 116 -1 -1
218 218 4 91 116 -1 -1
219 219 4 91 116 -1 -1
220 220 4 91 116 -1 -1
221 221 4 91 116 -1 -1
222 222 4 91 116 -1 -1
223 223 4 91 116 -1 -1
224 224 4 91 116 -1 -1
225 225 4 91 116 -1 -1
226 226 4 91 116 -1 -1
227 227 4 91 116 -1 -1
228 228 4 91 116 -1 -1
229 229 4 91 116 -1 -1
230 230 4 91 116 -1 -1
231 231 4 91 116 -1 -1
232 232 4 91 116 -1 -1
233 233 4 91 116 -1 -1
234 234 4 91 116 -1 -1
235 235 4 91 116 -1 -1
236 236 4 91 116 -1 -1
237 237 4 91 116 -1 -1
238 238 4 91 116 -1 -1
239 239 4 91 116 -1 -1
240 240 4 91 116 -1 -1
241 241 4 91 116 -1 -1
242 242 4 91 116 -1 -1
243 243 4 91 116 -1 -1
244 244 4 91 116 -1 -1
245 245 4 91 116 -1 -1
246 246 4 91 116 -1 -1
247 247 4 91 116 -1 -1
248 248 4 91 116 -1 -1
249 249 4 91 116 -1 -1
250 250 4 91 116 -1 -1
251 251 4 91 116 -1 -1
252 252 4 91 116 -1 -1
253 253 4 91 116 -1 -1
254 254 4 91 116 -1 -1
255 255 4 91 116 -1 -1
256 256 4 91 116 -1 -1
257 257 4 91 116 -1 -1
258 258 4 91 116 -1 -1
259 259 4 91 116 -1 -1
260 260 4 91 116 -1 -1
261 261 4 91 116 -1 -1
262 262 4 91 116 -1 -1
263 263 4 91 116 -1 -1
264 264 4 91 116 -1 -1
265 265 4 91 116 -1 -1
266 266 4 91 116 -1 -1
267 267 4 91 116 -1 -1
268 268 4 91 116 -1 -1
269 269 4 91 116 -1 -1
270 270 4 91 116 -1 -1
271 271 4 91 116 -1 -1
272 272 4 91 116 -1 -1
273 273 4 91 116 -1 -1
274 274 4 91 116 -1 -1
275 275 4 91 116 -1 -1
276 276 4 91 116 -1 -1
277 277 4 91 116 -1 -1
278 278 4 91 116 -1 -1
279 279 4 91 116 -1 -1
280 280 4 91 116 -1 -1
281 281 4 91 116 -1 -1
282 282 4 91 116 -1 -1
283 283 4 91 116 -1 -1
284 284 4 91 116 -1 -1
285 285 4 91 116 -1 -1
286 286 4 91 116 -1 -1
287 287 4 91 116 -1 -1
288 288 4 91 116 -1 -1
289 289 4 91 116 -1 -1
290 290 4 92 116 -1 -1
291 291 4 92 116 -1 -1
292 292 4 92 116 -1 -1
293 293 4 92 116 -1 -1
294 294 4 92 116 -1 -1
295 295 4 92 116 -1 -1
296 296 4 92 116 -1 -1
297 297 4 92 116 -1 -1
298 298 4 92 116 -1 -1
299 299 4 92 116 -1 -1
300 300 4 92 116 -1 -1
301 301 4 92 116 -1 -1
302 302 4 92 116 -1 -1
303 303 4 92 116 -1 -1
304 304 4 92 116 -1 -1
305 305 4 92 116 -1 -1
306 306 4 92 116 -1 -1
307 307 4 92 116 -1 -1
308 308 4 92 116 -1 -1
309 309 4 92 116 -1 -1
310 310 4 92 116 -1 -1
311 311 4 92 116 -1 -1
312 312 4 92 116 -1 -1
313 313 4 92 116 -1 -1
314 314 4 92 116 -1 -1
315 315 4 92 116 -1 -1
316 316 4 92 116 -1 -1
317 317 4 93 116 -1 -1
318 318 4 93 116 -1 -1
319 319 4 93 116 -1 -1
320 320 4 93 116 -1 -1
321 321 4 93 116 -1 -1
322 322 4 93 116 -1 -1
323 323 4 93 116 -1 -1
324 324 4 93 116 -1 -1
325 325 4 93 116 -1 -1
326 326 4 93 116 -1 -1
327 327 4 93 116 -1 -1
328 328 4 93 116 -1 -1
329 329 4 93 116 -1 -1
330 330 4 93 116 -1 -1
331 331 4 93 116 -1 -1
332 332 4 93 116 -1 -1
333 333 4 93 116 -1 -1
334 334 4 93 116 -1 -1
335 335 4 93 116 -1 -1
336 336 4 93 116 -1 -1
337 337 4 93 116 -1 -1
338 338 4 93 116 -1 -1
339 339 4 93 116 -1 -1
340 340 4 93 116 -1 -1
341 341 4 93 116 -1 -1
342 342 4 93 116 -1 -1
343 343 4 93 116 -1 -1
344 344 4 93 116 -1 -1
345 345 4 93 116 -1 -1
346 346 4 93 116 -1 -1
347 347 4 93 116 -1 -1
348 348 4 93 116 -1 -1
349 349 4 93 116 -1 -1
350 350 4 93 116 -1 -1
351 351 4 93 116 -1 -1
352 352 4 93 116 -1 -1
353 353 4 93 116 -1 -1
354 354 4 93 116 -1 -1
355 355 4 93 116 -1 -1
356 356 4 93 116 -1 -1
357 357 4 93 116 -1 -1
358 358 4 93 116 -1 -1
359 359 4 93 116 -1 -1
360 360 4 93 116 -1 -1
361 361 4 93 116 -1 -1
362 362 4 93 116 -1 -1
363 363 4 93 116 -1 -1
364 364 4 93 116 -1 -1
365 365 4 93 116 -1 -1
366 366 4 93 116 -1 -1
367 367 4 93 116 -1 -1
368 368 4 93 116 -1 -1
369 369 4 93 116 -1 -1
370 370 4 93 116 -1 -1
371 371 4 93 116 -1 -1
372 372 4 93 116 -1 -1
373 373 4 93 116 -1 -1
374 374 4 93 116 -1 -1
375 375 4 93 116 -1 -1
376 376 4 93 116 -1 -1
377 377 4 93 116 -1 -1
378 378 4 93 116 -1 -1
379 379 4 93 116 -1 -1
380 380 4 93 116 -1 -1
381 381 4 93 116 -1 -1
382 382 4 93 116 -1 -1
383 383 4 93 116 -1 -1
384 384 4 93 116 -1 -1
385 385 4 112 116 -1 -1
386 386 4 112 116 -1 -1
387 387 4 112 116 -1 -1
388 388 4 131 116 -1 -1
389 389 4 131 116 -1 -1
390 390 4 131 116 -1 -1
391 391 4 131 116 -1 -1
392 392 4 131 116 -1 -1
393 393 4 131 116 -1 -1
394 394 4 131 116 -1 -1
395 395 4 131 116 -1 -1
396 396 4 131 116 -1 -1
397 397 4 131 116 -1 -1
398 398 4 131 116 -1 -1
399 399 4 131 116 -1 -1
400 400 4 131 116 -1 -1
401 401 4 131 116 -1 -1
402 402 4 131 116 -1 -1
403 403 4 131 116 -1 -1
404 404 4 131 116 -1 -1
405 405 4 131 116 -1 -1
406 406 8 151 116 -1 344 319 -1 -1 -1
407 407 6 91 116 -1 246 -1 -1
408 408 4 370 116 -1 -1
409 409 4 370 116 -1 -1
410 410 4 370 116 -1 -1
411 411 4 370 116 -1 -1
412 412 4 370 116 -1 -1
413 413 4 370 116 -1 -1
414 414 22 370 129 116 -1 370 -1 224 -1 154 -1 487 -1 -1 129 477 -1 108 -1 107 -1 -1 -1
415 415 44 251 511 116 -1 300 190 -1 -1 -1 246 -1 446 226 -1 534 -1 246 -1 314 511 477 -1 53 319 -1 300 -1 -1 -1 299 -1 40 -1 477 -1 76 319 -1 534 -1 -1 -1 -1 -1
416 416 6 117 91 485 -1 -1 -1
417 417 6 117 91 485 -1 -1 -1
418 418 6 117 91 485 -1 -1 -1
419 419 18 127 252 527 330 -1 313 -1 -1 485 -1 134 477 -1 111 -1 -1 -1 -1
420 420 14 134 450 528 13 -1 -1 485 -1 111 477 -1 -1 -1 -1
421 421 52 134 105 314 485 -1 339 319 -1 -1 93 116 477 -1 -1 246 -1 293 171 -1 190 -1 240 476 -1 23 -1 110 319 -1 103 -1 93 -1 93 -1 93 -1 -1 93 525 -1 247 -1 246 -1 -1 -1 -1 -1 -1 -1 -1
422 422 4 496 148 -1 -1
423 423 8 183 53 319 -1 421 -1 -1 -1
424 424 18 186 163 527 -1 485 -1 91 210 -1 -1 330 -1 137 91 -1 -1 -1 -1
425 425 14 225 209 -1 390 528 320 -1 -1 485 -1 344 -1 -1 -1
426 426 12 509 226 -1 111 1 -1 93 -1 -1 53 -1 -1
427 427 12 509 226 -1 111 1 -1 93 -1 -1 53 -1 -1
428 428 12 509 226 -1 111 1 -1 93 -1 -1 53 -1 -1
429 429 26 278 208 226 -1 111 1 -1 -1 246 -1 -1 247 -1 425 -1 302 201 -1 -1 145 485 -1 -1 53 -1 -1
430 430 48 376 226 -1 166 91 -1 16 -1 -1 530 -1 40 -1 124 525 -1 521 -1 174 476 -1 480 -1 237 16 -1 465 231 476 -1 339 11 -1 477 -1 -1 23 -1 247 319 -1 -1 -1 -1 -1 -1 -1 -1
431 431 28 226 91 84 337 48 -1 477 -1 17 -1 397 -1 -1 530 -1 40 -1 520 229 -1 1 -1 132 -1 -1 -1 -1 -1
432 432 30 226 69 91 -1 96 476 -1 237 477 -1 -1 344 442 262 55 -1 -1 331 229 -1 1 -1 115 -1 -1 -1 -1 -1 -1 -1
433 433 12 470 226 -1 91 -1 211 -1 518 -1 374 -1 -1
434 434 12 470 226 -1 91 -1 211 -1 518 -1 374 -1 -1
435 435 12 531 226 -1 400 91 -1 -1 1 -1 469 -1 -1
436 436 22 226 403 91 -1 531 1 -1 507 485 -1 40 -1 201 25 -1 349 -1 -1 -1 -1 -1 -1
437 437 30 226 91 449 344 507 476 -1 524 -1 313 -1 166 525 -1 53 85 -1 344 -1 -1 246 -1 16 -1 -1 -1 -1 -1 -1 -1
438 438 42 10 226 -1 91 -1 350 477 -1 104 -1 111 319 -1 477 -1 237 17 -1 337 -1 -1 -1 -1 23 -1 17 -1 359 483 -1 512 477 -1 -1 350 30 -1 482 -1 -1 -1 -1
439 439 24 226 91 197 213 477 -1 507 83 485 -1 210 477 -1 -1 -1 -1 -1 530 -1 40 -1 -1 -1 -1
440 440 32 226 91 175 344 477 -1 -1 246 -1 94 485 -1 417 442 262 55 -1 -1 331 229 -1 1 -1 115 -1 -1 -1 -1 -1 -1 -1 -1
441 441 16 442 226 -1 91 -1 344 477 -1 -1 530 -1 207 -1 500 -1 -1
442 442 26 506 226 -1 91 -1 479 -1 257 477 -1 -1 146 -1 313 -1 523 44 -1 -1 36 -1 17 -1 35 -1 -1
443 443 26 506 226 -1 91 -1 479 -1 257 477 -1 -1 146 -1 313 -1 523 44 -1 -1 36 -1 17 -1 35 -1 -1
444 444 20 79 226 -1 370 91 -1 479 -1 495 -1 -1 530 -1 40 -1 165 25 -1 -1 -1
445 445 14 68 226 -1 91 -1 87 481 -1 -1 246 -1 313 -1 -1
446 446 40 400 226 -1 91 -1 521 -1 111 1 -1 537 319 -1 -1 -1 517 25 -1 477 -1 411 190 -1 344 511 528 -1 246 -1 477 -1 175 -1 281 -1 -1 -1 -1 -1 -1
447 447 20 400 226 -1 91 -1 530 -1 234 477 -1 -1 339 13 -1 532 -1 477 -1 -1 -1
448 448 20 400 226 -1 91 -1 530 -1 234 477 -1 -1 339 13 -1 532 -1 477 -1 -1 -1
449 449 22 400 226 -1 91 -1 530 -1 234 477 -1 284 -1 -1 339 13 -1 532 -1 477 -1 -1 -1
450 450 22 392 226 -1 112 -1 247 -1 314 477 -1 2 -1 346 319 -1 -1 -1 365 485 -1 -1 -1
451 451 32 92 226 -1 112 -1 425 -1 40 -1 43 -1 17 -1 92 -1 17 -1 391 196 477 -1 346 319 -1 -1 -1 365 485 -1 -1 -1 -1
452 452 40 217 208 226 -1 -1 247 -1 111 485 -1 40 -1 1 -1 56 319 -1 434 -1 -1 493 334 -1 247 -1 246 -1 219 25 226 -1 -1 323 11 -1 -1 -1 -1 -1 -1
453 453 20 509 226 -1 246 -1 112 -1 343 477 -1 412 -1 -1 50 229 -1 11 -1 -1 -1
454 454 20 509 226 -1 246 -1 112 -1 343 477 -1 412 -1 -1 50 229 -1 11 -1 -1 -1
455 455 20 509 226 -1 246 -1 112 -1 343 477 -1 412 -1 -1 50 229 -1 11 -1 -1 -1
456 456 44 58 311 226 -1 247 -1 246 -1 16 -1 112 -1 111 -1 -1 530 -1 40 -1 58 111 226 -1 247 -1 246 -1 93 -1 311 319 -1 112 -1 283 -1 -1 -1 530 -1 40 -1 -1 -1
457 457 26 245 91 226 -1 344 -1 246 -1 -1 160 479 -1 477 -1 111 229 -1 477 -1 -1 -1 23 -1 111 -1 -1
458 458 30 91 226 -1 344 -1 246 -1 245 160 479 -1 477 -1 111 229 -1 477 -1 -1 -1 23 -1 111 -1 17 -1 245 -1 -1 -1
459 459 52 420 226 -1 91 485 -1 10 344 477 -1 17 -1 111 337 -1 -1 -1 23 -1 354 55 -1 477 -1 64 -1 350 319 -1 478 -1 104 -1 -1 359 512 477 -1 -1 350 30 -1 477 -1 104 -1 -1 -1 -1 -1 -1 -1
460 460 88 420 226 -1 91 485 -1 10 344 477 -1 17 -1 111 337 -1 -1 -1 23 -1 354 55 -1 477 -1 104 -1 350 319 -1 478 -1 104 -1 -1 17 -1 509 243 477 -1 -1 343 156 -1 511 -1 -1 512 190 -1 335 -1 319 -1 51 -1 275 231 327 481 -1 -1 344 319 -1 344 -1 -1 -1 253 525 -1 344 -1 246 -1 412 477 -1 -1 -1 -1 -1 -1 -1 -1 -1 -1
461 461 20 144 420 226 -1 91 485 -1 -1 -1 530 -1 327 481 -1 -1 351 229 -1 -1 -1
462 462 48 406 111 344 226 -1 424 -1 246 -1 1 -1 111 -1 -1 299 -1 40 -1 1 -1 434 319 -1 477 -1 412 -1 17 -1 134 155 -1 -1 -1 -1 530 -1 40 -1 511 55 -1 477 -1 105 -1 -1 -1
463 463 32 467 420 370 226 -1 179 477 -1 -1 -1 246 -1 91 485 -1 269 477 -1 -1 -1 -1 23 -1 241 -1 289 190 -1 155 -1 -1 -1
464 464 32 467 420 370 226 -1 179 477 -1 -1 -1 246 -1 91 485 -1 269 477 -1 -1 -1 -1 23 -1 241 -1 289 190 -1 155 -1 -1 -1
465 465 32 467 420 370 226 -1 179 477 -1 -1 -1 246 -1 91 485 -1 269 477 -1 -1 -1 -1 23 -1 241 -1 289 190 -1 155 -1 -1 -1
466 466 32 467 420 370 226 -1 179 477 -1 -1 -1 246 -1 91 485 -1 269 477 -1 -1 -1 -1 23 -1 241 -1 289 190 -1 155 -1 -1 -1
467 467 32 467 420 370 226 -1 179 477 -1 -1 -1 246 -1 91 485 -1 269 477 -1 -1 -1 -1 23 -1 241 -1 289 190 -1 155 -1 -1 -1
468 468 34 448 447 226 -1 534 -1 246 -1 313 -1 -1 479 -1 300 -1 434 477 -1 22 319 -1 477 -1 206 -1 377 -1 157 319 -1 -1 -1 -1 -1
469 469 10 233 469 527 -1 344 -1 246 -1 -1 -1
470 470 6 53 237 -1 111 -1 -1
471 471 6 53 237 -1 111 -1 -1
472 472 8 237 53 319 -1 421 -1 -1 -1
473 473 12 263 451 319 -1 361 485 -1 40 -1 -1 -1 -1
474 474 8 263 344 319 -1 477 -1 -1 -1
475 475 18 49 271 -1 378 319 -1 477 -1 -1 72 485 -1 40 -1 485 -1 -1 -1
476 476 12 49 271 -1 140 319 -1 477 -1 501 -1 -1 -1
477 477 8 283 297 485 -1 40 -1 -1 -1
478 478 8 314 285 -1 248 319 -1 -1 -1
479 479 12 292 95 111 477 -1 -1 365 485 -1 -1 -1 -1
480 480 24 111 299 -1 40 -1 1 -1 262 532 -1 165 314 485 -1 477 -1 74 319 -1 -1 -1 -1 -1 -1
481 481 8 301 345 319 -1 522 -1 -1 -1
482 482 24 302 27 485 -1 308 485 -1 477 -1 337 -1 213 319 -1 477 -1 -1 -1 331 229 -1 -1 -1 -1
483 483 14 111 309 -1 373 -1 44 -1 53 319 -1 421 -1 -1 -1
484 484 20 314 90 319 -1 46 -1 66 199 -1 237 -1 -1 -1 66 485 -1 337 -1 -1 -1
485 485 14 314 66 319 -1 361 101 55 -1 477 -1 -1 -1 -1 -1
486 486 14 314 66 319 -1 361 101 55 -1 477 -1 -1 -1 -1 -1
487 487 26 314 136 319 -1 -1 98 485 -1 330 -1 111 176 -1 -1 136 319 -1 -1 370 190 -1 -1 -1 396 -1 -1
488 488 14 314 178 319 -1 -1 111 229 -1 477 -1 237 -1 -1 -1
489 489 18 314 215 319 -1 93 229 -1 477 -1 100 -1 257 -1 116 -1 -1 -1 -1
490 490 18 314 354 319 -1 -1 413 485 -1 344 43 -1 17 -1 344 -1 -1 -1 -1
491 491 4 329 314 -1 -1
492 492 4 329 314 -1 -1
493 493 4 329 314 -1 -1
494 494 4 53 322 -1 -1
495 495 4 111 322 -1 -1
496 496 4 111 322 -1 -1
497 497 4 111 322 -1 -1
498 498 4 111 322 -1 -1
499 499 4 111 322 -1 -1
500 500 4 111 322 -1 -1
501 501 4 111 322 -1 -1
502 502 4 111 322 -1 -1
503 503 4 111 322 -1 -1
504 504 4 111 322 -1 -1
505 505 4 111 322 -1 -1
506 506 4 111 322 -1 -1
507 507 4 111 322 -1 -1
508 508 4 111 322 -1 -1
509 509 4 111 322 -1 -1
510 510 4 111 322 -1 -1
511 511 4 111 322 -1 -1
512 512 4 111 322 -1 -1
513 513 4 111 322 -1 -1
514 514 4 111 322 -1 -1
515 515 4 111 322 -1 -1
516 516 4 111 322 -1 -1
517 517 4 111 322 -1 -1
518 518 4 111 322 -1 -1
519 519 4 111 322 -1 -1
520 520 4 111 322 -1 -1
521 521 4 111 322 -1 -1
522 522 4 111 322 -1 -1
523 523 4 111 322 -1 -1
524 524 4 111 322 -1 -1
525 525 4 111 322 -1 -1
526 526 4 111 322 -1 -1
527 527 4 111 322 -1 -1
528 528 4 111 322 -1 -1
529 529 4 111 322 -1 -1
530 530 4 111 322 -1 -1
531 531 4 111 322 -1 -1
532 532 4 111 322 -1 -1
533 533 4 111 322 -1 -1
534 534 4 111 322 -1 -1
535 535 4 111 322 -1 -1
536 536 4 111 322 -1 -1
537 537 4 111 322 -1 -1
538 538 4 111 322 -1 -1
539 539 4 111 322 -1 -1
540 540 4 111 322 -1 -1
541 541 4 111 322 -1 -1
542 542 4 111 322 -1 -1
543 543 4 111 322 -1 -1
544 544 4 111 322 -1 -1
545 545 4 111 322 -1 -1
546 546 4 111 322 -1 -1
547 547 4 111 322 -1 -1
548 548 4 111 322 -1 -1
549 549 4 111 322 -1 -1
550 550 4 111 322 -1 -1
551 551 4 111 322 -1 -1
552 552 4 111 322 -1 -1
553 553 4 111 322 -1 -1
554 554 4 111 322 -1 -1
555 555 4 111 322 -1 -1
556 556 4 111 322 -1 -1
557 557 4 111 322 -1 -1
558 558 4 111 322 -1 -1
559 559 4 111 322 -1 -1
560 560 4 111 322 -1 -1
561 561 4 112 322 -1 -1
562 562 4 112 322 -1 -1
563 563 4 112 322 -1 -1
564 564 4 112 322 -1 -1
565 565 4 112 322 -1 -1
566 566 4 112 322 -1 -1
567 567 4 112 322 -1 -1
568 568 4 112 322 -1 -1
569 569 4 112 322 -1 -1
570 570 4 112 322 -1 -1
571 571 4 112 322 -1 -1
572 572 4 112 322 -1 -1
573 573 4 112 322 -1 -1
574 574 4 112 322 -1 -1
575 575 4 112 322 -1 -1
576 576 4 112 322 -1 -1
577 577 4 112 322 -1 -1
578 578 4 112 322 -1 -1
579 579 4 112 322 -1 -1
580 580 4 112 322 -1 -1
581 581 4 112 322 -1 -1
582 582 4 112 322 -1 -1
583 583 4 112 322 -1 -1
584 584 4 112 322 -1 -1
585 585 4 112 322 -1 -1
586 586 4 112 322 -1 -1
587 587 4 112 322 -1 -1
588 588 4 112 322 -1 -1
589 589 4 112 322 -1 -1
590 590 4 112 322 -1 -1
591 591 4 112 322 -1 -1
592 592 4 112 322 -1 -1
593 593 4 112 322 -1 -1
594 594 4 112 322 -1 -1
595 595 4 112 322 -1 -1
596 596 4 314 322 -1 -1
597 597 4 314 322 -1 -1
598 598 4 314 322 -1 -1
599 599 4 314 322 -1 -1
600 600 4 314 322 -1 -1
601 601 4 370 322 -1 -1
602 602 4 370 322 -1 -1
603 603 18 328 527 83 485 -1 498 -1 17 -1 510 330 -1 313 -1 -1 -1 -1 -1
604 604 6 111 329 -1 337 -1 -1
605 605 18 522 329 -1 511 190 -1 155 -1 -1 111 229 -1 477 -1 344 -1 -1 -1
606 606 4 111 337 -1 -1
607 607 6 435 337 -1 445 -1 -1
608 608 6 435 337 -1 445 -1 -1
609 609 6 435 337 -1 445 -1 -1
610 610 42 498 344 -1 283 -1 53 319 -1 434 -1 526 246 536 136 319 -1 294 -1 38 -1 81 344 319 -1 330 -1 177 271 -1 494 -1 70 -1 -1 -1 -1 -1 -1 -1 -1 -1 -1
611 611 26 136 283 344 -1 452 -1 53 319 -1 434 -1 -1 -1 526 -1 246 -1 536 330 -1 294 -1 -1 38 -1 -1
612 612 18 301 345 -1 344 533 -1 4 528 320 -1 -1 366 -1 530 -1 -1 -1 -1
613 613 80 141 19 384 370 -1 307 -1 -1 530 -1 40 -1 466 370 -1 477 -1 337 319 -1 477 -1 -1 -1 -1 530 -1 40 -1 370 55 -1 477 -1 39 -1 467 337 477 -1 -1 530 -1 40 -1 141 370 -1 337 477 -1 -1 530 -1 40 -1 314 55 -1 477 -1 160 319 -1 370 229 -1 477 -1 337 -1 116 -1 -1 -1 -1 -1 -1 -1 -1
614 614 58 19 384 370 -1 307 -1 -1 530 -1 40 -1 466 370 -1 477 -1 337 319 -1 477 -1 -1 -1 141 530 -1 40 -1 314 55 -1 477 -1 160 319 -1 467 370 229 -1 477 -1 337 -1 -1 337 477 -1 -1 530 -1 40 -1 -1 -1 -1 -1 -1
615 615 58 19 384 370 -1 307 -1 -1 530 -1 40 -1 466 370 -1 477 -1 337 319 -1 477 -1 -1 -1 141 530 -1 40 -1 314 55 -1 477 -1 160 319 -1 467 370 229 -1 477 -1 337 -1 -1 337 477 -1 -1 530 -1 40 -1 -1 -1 -1 -1 -1
616 616 58 19 384 370 -1 307 -1 -1 530 -1 40 -1 466 370 -1 477 -1 337 319 -1 477 -1 -1 -1 141 530 -1 40 -1 314 55 -1 477 -1 160 319 -1 467 370 229 -1 477 -1 337 -1 -1 337 477 -1 -1 530 -1 40 -1 -1 -1 -1 -1 -1
617 617 58 19 384 370 -1 307 -1 -1 530 -1 40 -1 466 370 -1 477 -1 337 319 -1 477 -1 -1 -1 141 530 -1 40 -1 314 55 -1 477 -1 160 319 -1 467 370 229 -1 477 -1 337 -1 -1 337 477 -1 -1 530 -1 40 -1 -1 -1 -1 -1 -1
618 618 10 371 346 319 -1 -1 365 485 -1 -1 -1
619 619 12 111 373 -1 237 -1 53 319 -1 421 -1 -1 -1
620 620 12 111 373 -1 237 -1 53 319 -1 421 -1 -1 -1
621 621 10 434 413 319 -1 155 -1 237 -1 -1 -1
622 622 12 434 413 319 -1 155 -1 415 -1 237 -1 -1 -1
623 623 8 491 434 195 319 -1 -1 -1 -1
624 624 10 434 385 319 -1 477 -1 356 -1 -1 -1
625 625 22 511 439 -1 32 485 -1 169 53 319 -1 267 -1 -1 -1 91 525 -1 344 -1 -1 -1 -1
626 626 22 511 439 -1 32 485 -1 169 53 319 -1 267 -1 -1 -1 91 525 -1 344 -1 -1 -1 -1
627 627 22 448 384 477 -1 21 485 -1 370 485 -1 477 -1 337 -1 370 -1 370 -1 -1 -1 -1 -1
628 628 22 448 384 477 -1 21 485 -1 370 485 -1 477 -1 337 -1 370 -1 370 -1 -1 -1 -1 -1
629 629 22 448 384 477 -1 21 485 -1 370 485 -1 477 -1 337 -1 370 -1 370 -1 -1 -1 -1 -1
630 630 22 448 384 477 -1 21 485 -1 370 485 -1 477 -1 337 -1 370 -1 370 -1 -1 -1 -1 -1
631 631 24 448 384 477 -1 21 485 -1 370 485 -1 477 -1 337 -1 370 -1 370 -1 370 -1 -1 -1 -1 -1
632 632 8 460 101 319 -1 477 -1 -1 -1
633 633 12 460 319 477 284 356 531 -1 -1 -1 -1 -1 -1
634 634 12 460 319 477 284 356 531 -1 -1 -1 -1 -1 -1
635 635 10 460 327 319 -1 477 -1 356 -1 -1 -1
636 636 16 301 477 -1 80 -1 172 -1 67 485 -1 203 154 -1 -1 -1 -1
637 637 18 111 477 -1 93 -1 110 -1 95 234 477 -1 -1 232 485 -1 -1 -1 -1
638 638 14 111 477 -1 128 319 -1 348 -1 159 -1 454 -1 -1 -1
639 639 14 111 477 -1 128 319 -1 348 -1 159 -1 454 -1 -1 -1
640 640 14 111 477 -1 53 319 -1 495 -1 337 -1 111 -1 -1 -1
641 641 12 111 477 -1 330 -1 511 -1 78 485 -1 -1 -1
642 642 10 111 477 -1 394 485 -1 40 -1 -1 -1
643 643 8 111 477 -1 78 485 -1 -1 -1
644 644 8 111 477 -1 78 485 -1 -1 -1
645 645 8 111 477 -1 78 485 -1 -1 -1
646 646 12 111 477 -1 83 485 -1 330 -1 532 -1 -1 -1
647 647 16 111 477 -1 83 485 -1 201 477 -1 133 -1 -1 320 -1 -1 -1
648 648 12 112 496 477 -1 111 -1 -1 299 -1 40 -1 -1
649 649 14 496 477 -1 112 -1 111 -1 330 -1 301 249 -1 -1 -1
650 650 14 496 477 -1 122 -1 113 -1 111 319 -1 401 -1 -1 -1
651 651 14 496 477 -1 122 -1 113 -1 111 319 -1 401 -1 -1 -1
652 652 14 496 477 -1 122 -1 113 -1 111 319 -1 401 -1 -1 -1
653 653 14 496 477 -1 122 -1 113 -1 111 319 -1 401 -1 -1 -1
654 654 14 496 477 -1 122 -1 113 -1 111 319 -1 401 -1 -1 -1
655 655 14 496 477 -1 122 -1 113 -1 111 319 -1 401 -1 -1 -1
656 656 14 496 477 -1 122 -1 113 -1 111 319 -1 401 -1 -1 -1
657 657 14 496 477 -1 122 -1 113 -1 111 319 -1 401 -1 -1 -1
658 658 14 496 477 -1 122 -1 113 -1 111 319 -1 401 -1 -1 -1
659 659 24 506 134 477 -1 242 528 13 -1 -1 485 -1 116 55 -1 -1 -1 -1 134 477 -1 256 -1 -1 -1
660 660 38 506 134 477 -1 387 528 13 -1 -1 485 -1 512 -1 116 55 -1 -1 -1 -1 111 477 -1 188 -1 344 -1 -1 17 -1 400 338 1 -1 187 -1 -1 -1 -1
661 661 12 134 477 -1 330 -1 136 -1 383 485 -1 -1 -1
662 662 12 134 477 -1 330 -1 136 -1 383 485 -1 -1 -1
663 663 16 134 477 -1 86 528 340 -1 -1 111 477 -1 -1 23 -1 -1 -1
664 664 14 134 477 -1 144 485 -1 327 477 -1 -1 340 -1 -1 -1
665 665 16 134 477 -1 184 485 -1 511 477 -1 255 -1 -1 -1 13 -1 -1
666 666 8 134 477 -1 383 485 -1 -1 -1
667 667 20 134 477 -1 436 485 -1 340 -1 207 485 -1 111 477 -1 461 -1 -1 -1 -1 -1
668 668 10 134 477 -1 441 485 -1 -1 13 -1 -1
669 669 36 143 477 -1 314 476 -1 286 -1 40 -1 158 -1 1 -1 330 -1 111 1 -1 421 319 -1 477 -1 412 -1 -1 -1 142 25 -1 477 -1 -1 -1 -1
670 670 10 92 477 -1 150 -1 511 -1 116 -1 -1
671 671 10 92 477 -1 150 -1 511 -1 116 -1 -1
672 672 16 38 477 -1 185 -1 282 319 -1 -1 297 485 -1 40 -1 -1 -1
673 673 8 111 477 -1 185 -1 237 -1 -1
674 674 14 283 477 -1 185 -1 444 -1 297 485 -1 40 -1 -1 -1
675 675 14 111 477 -1 185 -1 362 319 -1 477 -1 336 -1 -1 -1
676 676 12 234 477 -1 160 319 -1 204 485 -1 -1 -1 -1
677 677 10 111 477 -1 237 -1 93 -1 110 -1 -1
678 678 6 111 477 -1 237 -1 -1
679 679 6 111 477 -1 237 -1 -1
680 680 6 111 477 -1 237 -1 -1
681 681 6 111 477 -1 237 -1 -1
682 682 6 111 477 -1 237 -1 -1
683 683 6 111 477 -1 237 -1 -1
684 684 6 111 477 -1 237 -1 -1
685 685 6 111 477 -1 237 -1 -1
686 686 6 111 477 -1 237 -1 -1
687 687 6 111 477 -1 237 -1 -1
688 688 6 111 477 -1 237 -1 -1
689 689 6 111 477 -1 237 -1 -1
690 690 6 111 477 -1 237 -1 -1
691 691 6 111 477 -1 237 -1 -1
692 692 6 111 477 -1 237 -1 -1
693 693 6 111 477 -1 237 -1 -1
694 694 6 111 477 -1 237 -1 -1
695 695 6 111 477 -1 237 -1 -1
696 696 6 111 477 -1 237 -1 -1
697 697 20 111 477 -1 237 -1 95 381 477 -1 140 319 -1 477 -1 355 -1 -1 -1 -1 -1
698 698 16 111 477 -1 237 -1 136 319 -1 344 260 30 -1 -1 -1 -1 -1
699 699 10 283 477 -1 297 485 -1 40 -1 -1 -1
700 700 16 314 477 -1 76 319 -1 -1 116 532 -1 370 42 -1 -1 -1 -1
701 701 18 314 477 -1 178 319 -1 175 -1 53 229 -1 477 -1 237 -1 -1 -1 -1
702 702 18 314 477 -1 178 319 -1 -1 216 229 -1 477 -1 222 -1 456 -1 -1 -1
703 703 18 314 477 -1 178 319 -1 -1 216 229 -1 477 -1 222 -1 456 -1 -1 -1
704 704 18 314 477 -1 178 319 -1 -1 216 229 -1 477 -1 222 -1 456 -1 -1 -1
705 705 18 53 314 477 -1 220 319 -1 -1 290 229 -1 477 -1 295 -1 -1 -1 -1
706 706 26 314 477 -1 352 319 -1 423 528 55 -1 -1 160 477 -1 111 319 -1 477 -1 -1 -1 23 -1 -1 -1 -1
707 707 20 314 477 -1 258 319 -1 461 -1 114 -1 -1 53 229 -1 477 -1 114 -1 -1 -1
708 708 22 314 477 -1 258 319 -1 461 -1 114 -1 -1 93 229 -1 477 -1 114 -1 116 -1 -1 -1
709 709 20 314 477 -1 141 485 -1 40 -1 159 485 -1 155 -1 344 319 -1 -1 -1 -1 -1
710 710 6 112 477 -1 332 -1 -1
711 711 6 111 477 -1 337 -1 -1
712 712 6 111 477 -1 337 -1 -1
713 713 6 111 477 -1 337 -1 -1
714 714 6 111 477 -1 337 -1 -1
715 715 6 111 477 -1 337 -1 -1
716 716 6 111 477 -1 337 -1 -1
717 717 6 111 477 -1 337 -1 -1
718 718 6 111 477 -1 337 -1 -1
719 719 6 111 477 -1 337 -1 -1
720 720 6 111 477 -1 337 -1 -1
721 721 6 111 477 -1 337 -1 -1
722 722 6 111 477 -1 337 -1 -1
723 723 6 111 477 -1 337 -1 -1
724 724 6 111 477 -1 337 -1 -1
725 725 6 111 477 -1 337 -1 -1
726 726 6 111 477 -1 337 -1 -1
727 727 6 111 477 -1 337 -1 -1
728 728 6 111 477 -1 337 -1 -1
729 729 6 111 477 -1 337 -1 -1
730 730 6 111 477 -1 337 -1 -1
731 731 6 111 477 -1 337 -1 -1
732 732 6 111 477 -1 337 -1 -1
733 733 6 111 477 -1 337 -1 -1
734 734 6 111 477 -1 337 -1 -1
735 735 6 111 477 -1 337 -1 -1
736 736 10 111 477 -1 337 -1 111 319 -1 -1 -1
737 737 12 358 477 -1 82 190 -1 477 -1 311 -1 -1 -1
738 738 14 358 477 -1 375 485 -1 283 477 -1 -1 485 -1 -1 -1
739 739 10 111 477 -1 368 -1 475 485 -1 -1 -1
740 740 16 397 477 -1 111 53 319 -1 495 -1 337 -1 111 -1 -1 -1 -1
741 741 16 397 477 -1 111 53 319 -1 495 -1 337 -1 111 -1 -1 -1 -1
742 742 12 134 477 -1 415 -1 492 485 -1 40 -1 -1 -1
743 743 8 111 477 -1 415 -1 344 -1 -1
744 744 22 125 434 477 -1 370 319 -1 -1 -1 530 -1 434 111 319 -1 477 -1 337 -1 -1 -1 -1
745 745 22 125 434 477 -1 370 319 -1 -1 -1 530 -1 434 111 319 -1 477 -1 337 -1 -1 -1 -1
746 746 10 434 477 -1 343 319 -1 477 -1 -1 -1
747 747 10 434 477 -1 343 319 -1 477 -1 -1 -1
748 748 10 434 477 -1 343 319 -1 477 -1 -1 -1
749 749 12 434 477 -1 47 319 -1 477 -1 437 -1 -1 -1
750 750 20 434 477 -1 531 319 -1 477 -1 -1 471 485 -1 284 1 -1 -1 340 -1 -1 -1
751 751 20 434 477 -1 531 319 -1 477 -1 -1 471 485 -1 284 1 -1 -1 340 -1 -1 -1
752 752 20 434 477 -1 531 319 -1 477 -1 -1 471 485 -1 284 1 -1 -1 340 -1 -1 -1
753 753 6 111 477 -1 443 -1 -1
754 754 12 460 477 -1 254 319 -1 477 -1 102 -1 -1 -1
755 755 12 460 477 -1 254 319 -1 477 -1 102 -1 -1 -1
756 756 10 460 477 -1 531 319 -1 477 -1 -1 -1
757 757 10 460 477 -1 531 319 -1 477 -1 -1 -1
758 758 10 434 477 -1 472 -1 337 -1 227 -1 -1
759 759 10 216 477 -1 472 -1 337 -1 434 -1 -1
760 760 10 129 487 -1 330 -1 329 112 -1 -1 -1
761 761 10 129 487 -1 330 -1 329 112 -1 -1 -1
762 762 4 434 487 -1 -1
763 763 6 496 330 -1 112 -1 -1
764 764 12 505 317 319 -1 477 -1 -1 147 485 -1 -1 -1
765 765 8 111 297 485 -1 40 -1 -1 -1
766 766 22 230 525 -1 91 -1 530 -1 344 477 -1 536 -1 59 229 -1 477 -1 31 -1 -1 -1 -1
767 767 22 230 525 -1 91 -1 530 -1 344 477 -1 536 -1 59 229 -1 477 -1 31 -1 -1 -1 -1
768 768 32 506 525 -1 91 -1 530 -1 63 -1 189 241 319 -1 -1 -1 194 229 -1 477 -1 -1 83 485 -1 421 477 -1 337 -1 -1 -1 -1
769 769 32 506 525 -1 91 -1 530 -1 63 -1 189 241 319 -1 -1 -1 194 229 -1 477 -1 -1 83 485 -1 421 477 -1 337 -1 -1 -1 -1
770 770 26 506 525 -1 91 -1 530 -1 63 -1 189 241 319 -1 -1 -1 83 485 -1 421 477 -1 337 -1 -1 -1 -1
771 771 26 506 525 -1 91 -1 530 -1 63 -1 189 241 319 -1 -1 -1 83 485 -1 421 477 -1 337 -1 -1 -1 -1
772 772 26 506 525 -1 91 -1 530 -1 63 -1 189 241 319 -1 -1 -1 83 485 -1 421 477 -1 337 -1 -1 -1 -1
773 773 18 217 527 -1 111 477 -1 337 -1 -1 344 399 330 -1 313 -1 -1 -1 -1
774 774 18 217 527 -1 111 477 -1 337 -1 -1 344 399 330 -1 313 -1 -1 -1 -1
775 775 18 217 527 -1 111 477 -1 337 -1 -1 344 399 330 -1 313 -1 -1 -1 -1
776 776 18 218 527 -1 111 477 -1 337 -1 -1 399 344 -1 330 -1 313 -1 -1 -1
777 777 12 12 527 -1 485 -1 152 77 229 -1 -1 -1 -1
778 778 40 400 527 -1 485 -1 14 -1 234 477 -1 164 190 -1 526 -1 160 344 229 -1 477 -1 332 -1 -1 -1 504 -1 111 229 -1 477 -1 401 -1 502 -1 -1 -1 -1 -1
779 779 22 138 527 -1 485 -1 57 477 -1 173 -1 -1 17 -1 191 147 1 -1 198 -1 -1 -1 -1
780 780 14 149 527 -1 485 -1 389 532 -1 330 -1 313 -1 -1 -1
781 781 26 441 527 -1 485 -1 160 477 -1 502 -1 331 229 -1 26 -1 -1 -1 402 41 -1 337 25 -1 -1 -1 -1
782 782 16 506 527 -1 485 -1 167 477 -1 499 -1 330 -1 313 -1 -1 -1
783 783 16 506 527 -1 485 -1 167 477 -1 499 -1 330 -1 313 -1 -1 -1
784 784 16 506 527 -1 485 -1 167 477 -1 499 -1 330 -1 313 -1 -1 -1
785 785 16 506 527 -1 485 -1 167 477 -1 499 -1 330 -1 313 -1 -1 -1
786 786 22 401 528 -1 211 477 -1 -1 530 -1 40 -1 17 -1 3 313 -1 210 244 -1 -1 -1 -1
787 787 14 49 477 -1 271 -1 140 319 -1 477 -1 501 -1 -1 -1
788 788 8 111 261 -1 98 485 -1 -1 -1
789 789 28 511 1 -1 112 -1 476 420 525 -1 91 485 -1 292 481 -1 -1 -1 217 346 259 -1 9 -1 -1 -1 -1 -1 -1
790 790 4 91 116 -1 -1
791 791 28 511 1 -1 112 -1 476 420 525 -1 91 485 -1 292 481 -1 -1 -1 217 346 259 -1 9 -1 -1 -1 -1 -1 -1
792 792 4 91 116 -1 -1
793 793 4 91 116 -1 -1
794 794 52 420 226 -1 91 485 -1 10 344 477 -1 17 -1 111 337 -1 -1 -1 23 -1 354 55 -1 477 -1 64 -1 350 319 -1 478 -1 104 -1 -1 359 512 477 -1 -1 350 30 -1 477 -1 104 -1 -1 -1 -1 -1 -1 -1
795 795 88 420 226 -1 91 485 -1 10 344 477 -1 17 -1 111 337 -1 -1 -1 23 -1 354 55 -1 477 -1 104 -1 350 319 -1 478 -1 104 -1 -1 17 -1 509 243 477 -1 -1 343 156 -1 511 -1 -1 512 190 -1 335 -1 319 -1 51 -1 275 231 327 481 -1 -1 344 319 -1 344 -1 -1 -1 253 525 -1 344 -1 246 -1 412 477 -1 -1 -1 -1 -1 -1 -1 -1 -1 -1
796 796 4 93 116 -1 -1
797 797 4 177 296 -1 -1
798 798 22 392 226 -1 112 -1 247 -1 314 477 -1 2 -1 346 319 -1 -1 -1 365 485 -1 -1 -1
799 799 28 93 226 -1 112 -1 425 -1 40 -1 43 -1 17 -1 391 196 477 -1 346 319 -1 -1 -1 365 485 -1 -1 -1 -1
800 800 10 371 346 319 -1 -1 365 485 -1 -1 -1
801 801 16 325 527 -1 325 481 -1 -1 425 -1 40 -1 16 -1 29 -1 -1
802 802 14 134 21 528 320 -1 -1 372 348 -1 65 -1 -1 -1 -1
803 803 8 111 405 -1 98 485 -1 -1 -1
804 804 24 226 91 175 344 477 -1 -1 246 -1 193 229 -1 34 534 -1 470 -1 -1 534 -1 -1 -1 -1 -1
805 805 8 298 53 190 -1 344 -1 -1 -1
806 806 4 91 116 -1 -1
807 807 18 8 226 -1 91 -1 44 1 -1 259 -1 337 485 -1 477 -1 -1 -1 -1
808 808 14 111 309 -1 373 -1 44 -1 53 319 -1 421 -1 -1 -1
809 809 12 112 496 477 -1 111 -1 -1 299 -1 40 -1 -1
810 810 4 91 116 -1 -1
811 811 26 506 525 -1 91 -1 530 -1 63 -1 189 241 319 -1 -1 -1 83 485 -1 421 477 -1 337 -1 -1 -1 -1
812 812 10 314 71 319 -1 -1 400 485 -1 -1 -1
813 813 6 117 91 485 -1 -1 -1
814 814 22 226 91 84 221 477 -1 -1 530 -1 40 -1 276 229 -1 1 -1 132 -1 -1 -1 -1 -1
815 815 6 117 91 485 -1 -1 -1
816 816 28 226 91 84 337 48 -1 477 -1 17 -1 397 -1 -1 530 -1 40 -1 520 229 -1 1 -1 132 -1 -1 -1 -1 -1
817 817 18 314 60 -1 40 -1 1 -1 431 -1 330 -1 53 1 -1 111 -1 -1 -1
818 818 4 93 116 -1 -1
819 819 4 93 116 -1 -1
820 820 12 134 84 526 -1 429 106 -1 -1 246 -1 -1 -1
821 821 16 134 1 -1 84 528 13 -1 -1 440 -1 530 -1 40 -1 -1 -1
822 822 4 93 116 -1 -1
823 823 12 134 477 -1 330 -1 136 -1 383 485 -1 -1 -1
824 824 18 232 477 -1 239 528 30 -1 -1 485 -1 134 477 -1 432 -1 -1 -1 -1
825 825 4 93 116 -1 -1
826 826 4 379 123 -1 -1
827 827 14 496 477 -1 122 -1 113 -1 111 319 -1 401 -1 -1 -1
828 828 14 496 477 -1 122 -1 113 -1 111 319 -1 401 -1 -1 -1
829 829 14 496 477 -1 122 -1 113 -1 111 319 -1 401 -1 -1 -1
830 830 18 6 511 1 -1 -1 120 485 -1 477 -1 -1 453 190 -1 315 -1 -1 -1
831 831 4 93 116 -1 -1
832 832 10 53 116 -1 91 -1 344 -1 267 -1 -1
833 833 26 83 527 -1 485 -1 268 200 -1 154 224 -1 -1 -1 5 485 -1 474 477 -1 459 -1 22 -1 -1 -1 -1
834 834 30 53 305 1 -1 487 -1 418 330 -1 111 477 -1 293 319 -1 330 -1 202 -1 -1 -1 -1 -1 409 485 -1 419 -1 -1 -1
835 835 4 91 116 -1 -1
836 836 16 420 226 -1 403 485 -1 91 -1 245 16 -1 236 -1 -1 -1 -1
837 837 16 212 477 -1 395 532 -1 201 485 -1 477 -1 339 -1 -1 -1 -1
838 838 4 93 116 -1 -1
839 839 20 314 90 319 -1 46 -1 66 199 -1 237 -1 -1 -1 66 485 -1 337 -1 -1 -1
840 840 4 93 116 -1 -1
841 841 4 91 116 -1 -1
842 842 4 91 116 -1 -1
843 843 20 144 420 226 -1 91 485 -1 -1 -1 530 -1 327 481 -1 -1 351 229 -1 -1 -1
844 844 4 91 116 -1 -1
845 845 6 111 477 -1 237 -1 -1
846 846 10 6 111 477 -1 -1 485 -1 40 -1 -1
847 847 10 6 111 477 -1 -1 485 -1 40 -1 -1
848 848 6 111 477 -1 237 -1 -1
849 849 6 111 477 -1 237 -1 -1
850 850 18 111 477 -1 237 -1 136 319 -1 344 260 30 -1 -1 -1 93 -1 -1 -1
851 851 8 111 477 -1 78 485 -1 -1 -1
852 852 6 111 477 -1 237 -1 -1
853 853 6 111 477 -1 237 -1 -1
854 854 12 283 477 -1 185 -1 297 485 -1 40 -1 -1 -1
855 855 8 111 477 -1 303 485 -1 -1 -1
856 856 6 111 477 -1 237 -1 -1
857 857 10 111 237 -1 53 319 -1 421 -1 -1 -1
858 858 10 111 237 -1 53 319 -1 421 -1 -1 -1
859 859 6 111 477 -1 237 -1 -1
860 860 6 111 477 -1 237 -1 -1
861 861 6 111 477 -1 237 -1 -1
862 862 26 111 477 -1 237 -1 53 319 -1 434 -1 136 526 -1 246 -1 536 330 -1 294 -1 -1 38 -1 -1 -1 -1
863 863 22 125 434 477 -1 237 319 -1 -1 -1 530 -1 434 111 319 -1 477 -1 337 -1 -1 -1 -1
864 864 6 111 477 -1 237 -1 -1
865 865 6 111 477 -1 237 -1 -1
866 866 6 111 477 -1 237 -1 -1
867 867 18 314 477 -1 178 319 -1 175 -1 534 229 -1 477 -1 237 -1 -1 -1 -1
868 868 18 314 477 -1 178 319 -1 175 -1 534 229 -1 477 -1 237 -1 -1 -1 -1
869 869 24 264 226 -1 228 91 -1 53 -1 -1 477 -1 361 -1 422 -1 292 25 -1 1 -1 367 -1 -1 -1
870 870 24 226 266 91 -1 247 360 244 -1 477 -1 264 25 -1 1 -1 353 -1 153 -1 -1 -1 -1 -1 -1
871 871 18 217 527 -1 111 477 -1 337 -1 -1 344 399 330 -1 313 -1 -1 -1 -1
872 872 18 217 527 -1 111 477 -1 337 -1 -1 344 399 330 -1 313 -1 -1 -1 -1
873 873 18 217 527 -1 111 477 -1 337 -1 -1 344 399 330 -1 313 -1 -1 -1 -1
874 874 10 434 477 -1 531 319 -1 477 -1 -1 -1
875 875 10 434 254 319 -1 477 -1 102 -1 -1 -1
876 876 4 93 116 -1 -1
877 877 20 111 1 -1 279 476 -1 292 199 -1 305 -1 292 485 -1 306 -1 -1 -1 -1 -1
878 878 12 283 1 -1 121 -1 6 485 -1 40 -1 -1 -1
879 879 12 283 477 -1 185 -1 297 485 -1 40 -1 -1 -1
880 880 10 311 284 -1 212 319 -1 477 -1 -1 -1
881 881 4 93 116 -1 -1
882 882 4 93 116 -1 -1
883 883 8 301 345 319 -1 522 -1 -1 -1
884 884 8 301 345 319 -1 522 -1 -1 -1
885 885 34 112 314 477 -1 248 319 -1 464 -1 -1 88 485 -1 304 -1 -1 -1 299 -1 40 -1 1 -1 310 -1 17 -1 117 -1 93 485 -1 -1 -1
886 886 4 93 116 -1 -1
887 887 12 111 477 -1 330 -1 511 -1 78 485 -1 -1 -1
888 888 12 111 477 -1 83 485 -1 17 -1 532 -1 -1 -1
889 889 12 111 477 -1 330 -1 511 -1 78 485 -1 -1 -1
890 890 6 111 477 -1 337 -1 -1
891 891 16 111 477 -1 337 -1 112 476 -1 299 -1 40 -1 1 -1 -1 -1
892 892 6 111 477 -1 337 -1 -1
893 893 6 111 477 -1 337 -1 -1
894 894 6 111 477 -1 337 -1 -1
895 895 6 111 477 -1 337 -1 -1
896 896 6 111 477 -1 337 -1 -1
897 897 6 111 477 -1 337 -1 -1
898 898 16 397 477 -1 111 53 319 -1 495 -1 337 -1 111 -1 -1 -1 -1
899 899 6 111 477 -1 337 -1 -1
900 900 6 111 477 -1 337 -1 -1
901 901 10 111 477 -1 337 -1 53 319 -1 -1 -1
902 902 10 53 477 -1 472 -1 337 -1 434 -1 -1
903 903 12 509 226 -1 111 1 -1 93 -1 -1 53 -1 -1
904 904 20 509 226 -1 246 -1 112 -1 343 477 -1 412 -1 -1 50 229 -1 11 -1 -1 -1
905 905 10 434 477 -1 343 319 -1 477 -1 -1 -1
906 906 18 314 60 -1 40 -1 1 -1 431 -1 330 -1 53 1 -1 111 -1 -1 -1
907 907 4 93 116 -1 -1
908 908 12 531 226 -1 400 91 -1 -1 1 -1 469 -1 -1
909 909 22 226 403 91 -1 531 1 -1 507 485 -1 40 -1 201 25 -1 349 -1 -1 -1 -1 -1 -1
910 910 10 344 1 -1 170 319 -1 357 -1 -1 -1
911 911 24 111 299 -1 40 -1 1 -1 262 532 -1 165 314 485 -1 477 -1 74 319 -1 -1 -1 -1 -1 -1
912 912 4 91 116 -1 -1
913 913 20 139 527 330 -1 313 -1 -1 485 -1 37 1 -1 363 -1 -1 458 485 -1 -1 -1
914 914 58 20 111 279 476 -1 301 199 -1 330 -1 496 -1 462 319 -1 -1 -1 369 485 -1 372 -1 89 -1 -1 -1 -1 463 485 -1 11 -1 344 319 -1 1 -1 208 -1 -1 -1 447 503 -1 369 463 190 -1 477 -1 -1 -1 23 -1 53 -1 -1 -1
915 915 4 91 116 -1 -1
916 916 4 91 116 -1 -1
917 917 4 91 116 -1 -1
918 918 22 448 384 477 -1 21 485 -1 370 485 -1 477 -1 337 -1 370 -1 370 -1 -1 -1 -1 -1
919 919 24 448 384 477 -1 21 485 -1 370 485 -1 477 -1 337 -1 370 -1 370 -1 370 -1 -1 -1 -1 -1
920 920 22 448 384 477 -1 21 485 -1 370 485 -1 477 -1 337 -1 370 -1 370 -1 -1 -1 -1 -1
921 921 22 448 384 477 -1 21 485 -1 370 485 -1 477 -1 337 -1 370 -1 370 -1 -1 -1 -1 -1
922 922 4 91 116 -1 -1
923 923 4 91 116 -1 -1
924 924 4 91 116 -1 -1
925 925 10 400 527 -1 485 -1 356 234 -1 -1 -1
926 926 22 400 226 -1 91 -1 530 -1 234 477 -1 284 -1 -1 339 13 -1 532 -1 477 -1 -1 -1
927 927 16 314 408 319 -1 -1 283 229 -1 477 -1 93 -1 110 -1 -1 -1
928 928 4 93 116 -1 -1
929 929 14 314 477 -1 136 319 -1 -1 427 229 -1 155 -1 -1 -1
930 930 10 93 428 -1 60 -1 324 -1 40 -1 -1
931 931 22 111 1 -1 319 112 119 421 477 -1 111 319 -1 477 -1 337 -1 -1 -1 -1 -1 -1 -1
932 932 4 91 116 -1 -1
933 933 22 111 1 -1 347 319 -1 386 330 -1 2 -1 -1 181 485 -1 56 -1 443 -1 -1 -1 -1
934 934 4 379 443 -1 -1
935 935 6 134 477 -1 455 -1 -1
936 936 4 93 116 -1 -1
937 937 18 314 354 319 -1 -1 413 485 -1 344 43 -1 17 -1 344 -1 -1 -1 -1
938 938 6 117 91 485 -1 -1 -1
939 939 48 376 226 -1 166 91 -1 16 -1 -1 530 -1 40 -1 124 525 -1 521 -1 174 476 -1 480 -1 237 16 -1 465 231 476 -1 339 11 -1 477 -1 -1 23 -1 247 319 -1 -1 -1 -1 -1 -1 -1 -1
940 940 40 400 226 -1 91 -1 521 -1 111 1 -1 537 319 -1 -1 -1 221 25 -1 477 -1 411 190 -1 344 511 528 -1 246 -1 477 -1 175 -1 281 -1 -1 -1 -1 -1 -1
941 941 6 117 91 485 -1 -1 -1
942 942 48 376 226 -1 166 91 -1 16 -1 -1 530 -1 40 -1 124 525 -1 521 -1 174 476 -1 480 -1 237 16 -1 465 231 476 -1 339 11 -1 477 -1 -1 23 -1 247 319 -1 -1 -1 -1 -1 -1 -1 -1
943 943 40 400 226 -1 91 -1 521 -1 111 1 -1 537 319 -1 -1 -1 223 25 -1 477 -1 411 190 -1 344 511 528 -1 246 -1 477 -1 175 -1 281 -1 -1 -1 -1 -1 -1
944 944 6 117 91 485 -1 -1 -1
945 945 48 376 226 -1 166 91 -1 16 -1 -1 530 -1 40 -1 124 525 -1 521 -1 174 476 -1 480 -1 237 16 -1 465 231 476 -1 339 11 -1 477 -1 -1 23 -1 247 319 -1 -1 -1 -1 -1 -1 -1 -1
946 946 40 400 226 -1 91 -1 521 -1 111 1 -1 537 319 -1 -1 -1 250 25 -1 477 -1 411 190 -1 344 511 528 -1 246 -1 477 -1 175 -1 281 -1 -1 -1 -1 -1 -1
947 947 6 117 91 485 -1 -1 -1
948 948 48 376 226 -1 166 91 -1 16 -1 -1 530 -1 40 -1 124 525 -1 521 -1 174 476 -1 480 -1 237 16 -1 465 231 476 -1 339 11 -1 477 -1 -1 23 -1 247 319 -1 -1 -1 -1 -1 -1 -1 -1
949 949 40 400 226 -1 91 -1 521 -1 111 1 -1 537 319 -1 -1 -1 516 25 -1 477 -1 411 190 -1 344 511 528 -1 246 -1 477 -1 175 -1 281 -1 -1 -1 -1 -1 -1
950 950 10 460 477 -1 531 319 -1 477 -1 -1 -1
951 951 12 460 319 477 284 356 531 -1 -1 -1 -1 -1 -1
952 952 18 314 60 -1 40 -1 1 -1 431 -1 330 -1 53 1 -1 111 -1 -1 -1
953 953 10 460 327 319 -1 477 -1 356 -1 -1 -1
954 954 4 93 116 -1 -1
955 955 22 460 477 -1 47 319 -1 477 -1 437 -1 136 229 -1 477 -1 237 -1 445 -1 -1 -1 -1
956 956 14 111 421 319 -1 477 -1 412 -1 -1 344 25 -1 -1 -1
957 957 14 111 52 485 -1 40 -1 360 199 -1 108 -1 -1 -1 -1
958 958 8 111 16 -1 300 -1 135 -1 -1
959 959 18 111 18 -1 367 -1 111 319 -1 496 319 -1 477 -1 412 -1 -1 -1 -1
960 960 28 218 111 309 -1 162 -1 364 -1 -1 299 -1 421 477 -1 412 -1 -1 134 171 -1 229 -1 477 -1 62 -1 -1 -1
961 961 20 38 237 -1 282 319 -1 9 -1 -1 53 532 -1 421 -1 0 190 -1 -1 -1 -1
962 962 6 112 477 -1 472 -1 -1
963 963 8 298 344 190 -1 344 -1 -1 -1
964 964 20 414 60 -1 40 -1 1 -1 111 -1 316 -1 111 -1 17 -1 497 333 -1 -1 -1
965 965 26 522 1 -1 277 -1 393 -1 364 226 -1 388 247 -1 280 485 -1 421 344 -1 111 -1 -1 -1 -1 -1 -1
966 966 8 183 53 319 -1 421 -1 -1 -1
967 967 18 111 237 -1 484 319 -1 421 -1 34 -1 -1 484 342 -1 272 -1 -1 -1
968 968 36 318 269 116 -1 91 -1 235 -1 -1 274 -1 112 525 -1 238 477 -1 -1 23 -1 486 -1 10 485 -1 40 -1 473 485 -1 477 -1 -1 -1 -1 -1
969 969 18 527 269 485 -1 536 -1 235 -1 17 -1 212 477 -1 28 -1 -1 -1 -1
970 970 4 111 322 -1 -1
971 971 4 111 322 -1 -1
972 972 4 111 322 -1 -1
973 973 4 111 322 -1 -1
974 974 4 111 322 -1 -1
975 975 4 111 322 -1 -1
976 976 4 111 322 -1 -1
977 977 4 111 322 -1 -1
978 978 4 111 322 -1 -1
979 979 4 111 322 -1 -1
980 980 4 111 322 -1 -1
981 981 4 111 322 -1 -1
982 982 4 111 322 -1 -1
983 983 4 111 322 -1 -1
984 984 4 111 322 -1 -1
985 985 4 111 322 -1 -1
986 986 4 111 322 -1 -1
987 987 4 111 322 -1 -1
988 988 4 111 322 -1 -1
989 989 4 111 322 -1 -1
990 990 4 111 322 -1 -1
991 991 4 111 322 -1 -1
992 992 4 111 322 -1 -1
993 993 4 111 322 -1 -1
994 994 4 111 322 -1 -1
995 995 4 111 322 -1 -1
996 996 4 111 322 -1 -1
997 997 4 111 322 -1 -1
998 998 4 111 322 -1 -1
999 999 4 111 322 -1 -1
1000 1000 4 111 322 -1 -1
1001 1001 6 111 111 319 -1 -1 -1
1002 1002 6 111 111 319 -1 -1 -1
1003 1003 6 111 111 319 -1 -1 -1
1004 1004 8 329 111 111 319 -1 -1 -1 -1
1005 1005 4 329 111 -1 -1
1006 1006 4 329 111 -1 -1
1007 1007 4 329 111 -1 -1
1008 1008 4 329 111 -1 -1
1009 1009 4 329 111 -1 -1
1010 1010 4 329 111 -1 -1
1011 1011 4 329 111 -1 -1
1012 1012 4 329 111 -1 -1
1013 1013 4 329 111 -1 -1
1014 1014 4 329 111 -1 -1
1015 1015 4 329 111 -1 -1
1016 1016 4 329 111 -1 -1
1017 1017 4 329 111 -1 -1
1018 1018 4 329 111 -1 -1
1019 1019 6 111 330 -1 112 -1 -1
1020 1020 6 111 330 -1 112 -1 -1
1021 1021 6 111 330 -1 414 -1 -1
1022 1022 4 112 322 -1 -1
1023 1023 4 112 322 -1 -1
1024 1024 4 112 322 -1 -1
1025 1025 4 112 322 -1 -1
1026 1026 4 112 322 -1 -1
1027 1027 4 112 322 -1 -1
1028 1028 4 112 322 -1 -1
1029 1029 4 112 322 -1 -1
1030 1030 4 112 322 -1 -1
1031 1031 4 112 322 -1 -1
1032 1032 4 112 322 -1 -1
1033 1033 4 112 322 -1 -1
1034 1034 4 112 322 -1 -1
1035 1035 4 112 322 -1 -1
1036 1036 4 112 322 -1 -1
1037 1037 4 112 322 -1 -1
1038 1038 4 112 322 -1 -1
1039 1039 4 112 322 -1 -1
1040 1040 4 112 322 -1 -1
1041 1041 4 112 322 -1 -1
1042 1042 4 112 322 -1 -1
1043 1043 4 112 322 -1 -1
1044 1044 4 111 112 -1 -1
1045 1045 6 91 112 -1 116 -1 -1
1046 1046 4 329 112 -1 -1
1047 1047 4 329 112 -1 -1
1048 1048 4 329 112 -1 -1
1049 1049 4 329 112 -1 -1
1050 1050 4 329 112 -1 -1
1051 1051 4 329 112 -1 -1
1052 1052 4 329 112 -1 -1
1053 1053 4 329 112 -1 -1
1054 1054 4 329 112 -1 -1
1055 1055 4 329 112 -1 -1
1056 1056 4 329 112 -1 -1
1057 1057 4 329 112 -1 -1
1058 1058 4 329 112 -1 -1
1059 1059 4 329 112 -1 -1
1060 1060 4 329 112 -1 -1
1061 1061 4 329 112 -1 -1
1062 1062 4 329 112 -1 -1
1063 1063 4 329 112 -1 -1
1064 1064 4 329 112 -1 -1
1065 1065 4 329 112 -1 -1
1066 1066 4 329 112 -1 -1
1067 1067 4 329 112 -1 -1
1068 1068 4 329 112 -1 -1
1069 1069 4 329 112 -1 -1
1070 1070 4 329 112 -1 -1
1071 1071 4 329 112 -1 -1
1072 1072 4 329 112 -1 -1
1073 1073 4 329 112 -1 -1
1074 1074 4 329 112 -1 -1
1075 1075 4 329 112 -1 -1
1076 1076 4 329 112 -1 -1
1077 1077 4 329 112 -1 -1
1078 1078 4 329 112 -1 -1
1079 1079 4 329 112 -1 -1
1080 1080 4 329 112 -1 -1
1081 1081 4 329 112 -1 -1
1082 1082 4 329 112 -1 -1
1083 1083 4 329 112 -1 -1
1084 1084 4 329 112 -1 -1
1085 1085 4 329 112 -1 -1
1086 1086 4 329 112 -1 -1
1087 1087 6 112 330 -1 111 -1 -1
1088 1088 6 112 330 -1 111 -1 -1
1089 1089 6 112 330 -1 111 -1 -1
1090 1090 12 112 330 -1 111 -1 112 319 -1 367 -1 -1 -1
1091 1091 8 112 330 -1 111 -1 329 -1 -1
1092 1092 4 496 148 -1 -1
1093 1093 4 329 314 -1 -1
1094 1094 4 329 314 -1 -1
